
----------------------------
- Solving: mazes/maze_layout2.txt
- Algorithm: DFS
- Explored nodes (·, ¤): 105
- Solution nodes (¤): 76
- Solution: 

█████████████████████████████
█¤¤¤¤¤¤¤¤¤¤¤¤¤¤¤¤¤B █████████
█¤█████████████████████   █ █
█¤████                █ █ █ █
█¤███████████████████ █ █ █ █
█¤¤¤¤¤¤¤¤¤¤¤¤¤¤¤¤¤¤¤¤¤█ █ █ █
█████████████████████¤█ █ █ █
█   ██¤¤¤¤¤¤¤¤¤¤¤¤¤¤¤¤█ █ █ █
█ █ ██¤███·██·█████████ █ █ █
█ █¤¤¤¤█···██·█         █ █ █
█ █¤██·████████████████ █ █ █
███¤██·············████ █ █ █
███¤██████████████·██·█ █ █ █
███¤¤¤¤         ██····█ █ █ █
██████¤████████ ███████ █ █ █
██████¤████             █   █
█··A¤¤¤·█████████████████████
█████████████████████████████

- Algorithm steps:
[1]
  > Explored nodes:
  > Frontier:
      (16, 3)
  > Extracted node:
      (16, 3)
  > Node expands to:
      (16, 4)
      (16, 2)
[2]
  > Explored nodes:
      (16, 3)
  > Frontier:
      (16, 4)
      (16, 2)
  > Extracted node:
      (16, 2)
  > Node expands to:
      (16, 3)
      (16, 1)
[3]
  > Explored nodes:
      (16, 2)
      (16, 3)
  > Frontier:
      (16, 4)
      (16, 1)
  > Extracted node:
      (16, 1)
  > Node expands to:
      (16, 2)
[4]
  > Explored nodes:
      (16, 2)
      (16, 3)
      (16, 1)
  > Frontier:
      (16, 4)
  > Extracted node:
      (16, 4)
  > Node expands to:
      (16, 5)
      (16, 3)
[5]
  > Explored nodes:
      (16, 2)
      (16, 3)
      (16, 4)
      (16, 1)
  > Frontier:
      (16, 5)
  > Extracted node:
      (16, 5)
  > Node expands to:
      (16, 6)
      (16, 4)
[6]
  > Explored nodes:
      (16, 2)
      (16, 5)
      (16, 3)
      (16, 4)
      (16, 1)
  > Frontier:
      (16, 6)
  > Extracted node:
      (16, 6)
  > Node expands to:
      (15, 6)
      (16, 7)
      (16, 5)
[7]
  > Explored nodes:
      (16, 2)
      (16, 5)
      (16, 3)
      (16, 4)
      (16, 6)
      (16, 1)
  > Frontier:
      (15, 6)
      (16, 7)
  > Extracted node:
      (16, 7)
  > Node expands to:
      (16, 6)
[8]
  > Explored nodes:
      (16, 7)
      (16, 2)
      (16, 5)
      (16, 3)
      (16, 4)
      (16, 6)
      (16, 1)
  > Frontier:
      (15, 6)
  > Extracted node:
      (15, 6)
  > Node expands to:
      (14, 6)
      (16, 6)
[9]
  > Explored nodes:
      (16, 7)
      (16, 3)
      (16, 6)
      (16, 2)
      (15, 6)
      (16, 5)
      (16, 4)
      (16, 1)
  > Frontier:
      (14, 6)
  > Extracted node:
      (14, 6)
  > Node expands to:
      (13, 6)
      (15, 6)
[10]
  > Explored nodes:
      (16, 7)
      (16, 3)
      (16, 6)
      (14, 6)
      (16, 2)
      (15, 6)
      (16, 5)
      (16, 4)
      (16, 1)
  > Frontier:
      (13, 6)
  > Extracted node:
      (13, 6)
  > Node expands to:
      (13, 7)
      (14, 6)
      (13, 5)
[11]
  > Explored nodes:
      (16, 7)
      (16, 3)
      (16, 6)
      (14, 6)
      (16, 2)
      (15, 6)
      (16, 5)
      (13, 6)
      (16, 4)
      (16, 1)
  > Frontier:
      (13, 7)
      (13, 5)
  > Extracted node:
      (13, 5)
  > Node expands to:
      (13, 6)
      (13, 4)
[12]
  > Explored nodes:
      (16, 7)
      (13, 5)
      (16, 3)
      (16, 6)
      (14, 6)
      (16, 2)
      (15, 6)
      (16, 5)
      (13, 6)
      (16, 4)
      (16, 1)
  > Frontier:
      (13, 7)
      (13, 4)
  > Extracted node:
      (13, 4)
  > Node expands to:
      (13, 5)
      (13, 3)
[13]
  > Explored nodes:
      (16, 7)
      (13, 5)
      (13, 4)
      (16, 3)
      (16, 6)
      (14, 6)
      (16, 2)
      (15, 6)
      (16, 5)
      (13, 6)
      (16, 4)
      (16, 1)
  > Frontier:
      (13, 7)
      (13, 3)
  > Extracted node:
      (13, 3)
  > Node expands to:
      (12, 3)
      (13, 4)
[14]
  > Explored nodes:
      (16, 7)
      (13, 5)
      (13, 4)
      (16, 3)
      (16, 6)
      (14, 6)
      (16, 2)
      (13, 3)
      (15, 6)
      (16, 5)
      (13, 6)
      (16, 4)
      (16, 1)
  > Frontier:
      (13, 7)
      (12, 3)
  > Extracted node:
      (12, 3)
  > Node expands to:
      (11, 3)
      (13, 3)
[15]
  > Explored nodes:
      (16, 7)
      (13, 5)
      (13, 4)
      (16, 3)
      (16, 6)
      (12, 3)
      (14, 6)
      (16, 2)
      (13, 3)
      (15, 6)
      (16, 5)
      (13, 6)
      (16, 4)
      (16, 1)
  > Frontier:
      (13, 7)
      (11, 3)
  > Extracted node:
      (11, 3)
  > Node expands to:
      (10, 3)
      (12, 3)
[16]
  > Explored nodes:
      (16, 7)
      (13, 5)
      (13, 4)
      (16, 3)
      (11, 3)
      (16, 6)
      (12, 3)
      (14, 6)
      (16, 2)
      (13, 3)
      (15, 6)
      (16, 5)
      (13, 6)
      (16, 4)
      (16, 1)
  > Frontier:
      (13, 7)
      (10, 3)
  > Extracted node:
      (10, 3)
  > Node expands to:
      (9, 3)
      (11, 3)
[17]
  > Explored nodes:
      (13, 4)
      (16, 3)
      (16, 6)
      (10, 3)
      (13, 5)
      (16, 4)
      (16, 1)
      (16, 7)
      (11, 3)
      (12, 3)
      (14, 6)
      (16, 2)
      (13, 3)
      (15, 6)
      (16, 5)
      (13, 6)
  > Frontier:
      (13, 7)
      (9, 3)
  > Extracted node:
      (9, 3)
  > Node expands to:
      (8, 3)
      (9, 4)
      (10, 3)
[18]
  > Explored nodes:
      (13, 4)
      (16, 3)
      (16, 6)
      (10, 3)
      (13, 5)
      (16, 4)
      (16, 1)
      (16, 7)
      (9, 3)
      (11, 3)
      (12, 3)
      (14, 6)
      (16, 2)
      (13, 3)
      (15, 6)
      (16, 5)
      (13, 6)
  > Frontier:
      (13, 7)
      (8, 3)
      (9, 4)
  > Extracted node:
      (9, 4)
  > Node expands to:
      (9, 5)
      (9, 3)
[19]
  > Explored nodes:
      (13, 4)
      (16, 3)
      (16, 6)
      (10, 3)
      (13, 5)
      (16, 4)
      (16, 1)
      (16, 7)
      (9, 3)
      (11, 3)
      (12, 3)
      (14, 6)
      (16, 2)
      (13, 3)
      (15, 6)
      (16, 5)
      (13, 6)
      (9, 4)
  > Frontier:
      (13, 7)
      (8, 3)
      (9, 5)
  > Extracted node:
      (9, 5)
  > Node expands to:
      (9, 6)
      (9, 4)
[20]
  > Explored nodes:
      (13, 4)
      (16, 3)
      (16, 6)
      (9, 5)
      (10, 3)
      (13, 5)
      (16, 4)
      (16, 1)
      (16, 7)
      (9, 3)
      (11, 3)
      (12, 3)
      (14, 6)
      (16, 2)
      (13, 3)
      (15, 6)
      (16, 5)
      (13, 6)
      (9, 4)
  > Frontier:
      (13, 7)
      (8, 3)
      (9, 6)
  > Extracted node:
      (9, 6)
  > Node expands to:
      (8, 6)
      (10, 6)
      (9, 5)
[21]
  > Explored nodes:
      (13, 4)
      (16, 3)
      (16, 6)
      (9, 5)
      (10, 3)
      (13, 5)
      (16, 4)
      (16, 1)
      (16, 7)
      (9, 3)
      (9, 6)
      (11, 3)
      (12, 3)
      (14, 6)
      (16, 2)
      (13, 3)
      (15, 6)
      (16, 5)
      (13, 6)
      (9, 4)
  > Frontier:
      (13, 7)
      (8, 3)
      (8, 6)
      (10, 6)
  > Extracted node:
      (10, 6)
  > Node expands to:
      (9, 6)
      (11, 6)
[22]
  > Explored nodes:
      (13, 4)
      (16, 3)
      (16, 6)
      (9, 5)
      (10, 6)
      (10, 3)
      (13, 5)
      (16, 4)
      (16, 1)
      (16, 7)
      (9, 3)
      (9, 6)
      (11, 3)
      (12, 3)
      (14, 6)
      (16, 2)
      (13, 3)
      (15, 6)
      (16, 5)
      (13, 6)
      (9, 4)
  > Frontier:
      (13, 7)
      (8, 3)
      (8, 6)
      (11, 6)
  > Extracted node:
      (11, 6)
  > Node expands to:
      (10, 6)
      (11, 7)
[23]
  > Explored nodes:
      (13, 4)
      (16, 3)
      (16, 6)
      (9, 5)
      (10, 6)
      (10, 3)
      (13, 5)
      (16, 4)
      (16, 1)
      (16, 7)
      (9, 3)
      (9, 6)
      (11, 3)
      (12, 3)
      (11, 6)
      (14, 6)
      (16, 2)
      (13, 3)
      (15, 6)
      (16, 5)
      (13, 6)
      (9, 4)
  > Frontier:
      (13, 7)
      (8, 3)
      (8, 6)
      (11, 7)
  > Extracted node:
      (11, 7)
  > Node expands to:
      (11, 8)
      (11, 6)
[24]
  > Explored nodes:
      (11, 7)
      (13, 4)
      (16, 3)
      (16, 6)
      (9, 5)
      (10, 6)
      (10, 3)
      (13, 5)
      (16, 4)
      (16, 1)
      (16, 7)
      (9, 3)
      (9, 6)
      (11, 3)
      (12, 3)
      (11, 6)
      (14, 6)
      (16, 2)
      (13, 3)
      (15, 6)
      (16, 5)
      (13, 6)
      (9, 4)
  > Frontier:
      (13, 7)
      (8, 3)
      (8, 6)
      (11, 8)
  > Extracted node:
      (11, 8)
  > Node expands to:
      (11, 9)
      (11, 7)
[25]
  > Explored nodes:
      (11, 7)
      (13, 4)
      (16, 3)
      (16, 6)
      (9, 5)
      (10, 6)
      (10, 3)
      (11, 8)
      (13, 5)
      (16, 4)
      (16, 1)
      (16, 7)
      (9, 3)
      (9, 6)
      (11, 3)
      (12, 3)
      (11, 6)
      (14, 6)
      (16, 2)
      (13, 3)
      (15, 6)
      (16, 5)
      (13, 6)
      (9, 4)
  > Frontier:
      (13, 7)
      (8, 3)
      (8, 6)
      (11, 9)
  > Extracted node:
      (11, 9)
  > Node expands to:
      (11, 10)
      (11, 8)
[26]
  > Explored nodes:
      (11, 7)
      (13, 4)
      (16, 3)
      (16, 6)
      (9, 5)
      (10, 6)
      (10, 3)
      (11, 8)
      (13, 5)
      (16, 4)
      (16, 1)
      (16, 7)
      (9, 3)
      (9, 6)
      (11, 3)
      (11, 9)
      (12, 3)
      (11, 6)
      (14, 6)
      (16, 2)
      (13, 3)
      (15, 6)
      (16, 5)
      (13, 6)
      (9, 4)
  > Frontier:
      (13, 7)
      (8, 3)
      (8, 6)
      (11, 10)
  > Extracted node:
      (11, 10)
  > Node expands to:
      (11, 11)
      (11, 9)
[27]
  > Explored nodes:
      (11, 7)
      (13, 4)
      (11, 10)
      (16, 3)
      (16, 6)
      (9, 5)
      (10, 6)
      (10, 3)
      (11, 8)
      (13, 5)
      (16, 4)
      (16, 1)
      (16, 7)
      (9, 3)
      (9, 6)
      (11, 3)
      (11, 9)
      (12, 3)
      (11, 6)
      (14, 6)
      (16, 2)
      (13, 3)
      (15, 6)
      (16, 5)
      (13, 6)
      (9, 4)
  > Frontier:
      (13, 7)
      (8, 3)
      (8, 6)
      (11, 11)
  > Extracted node:
      (11, 11)
  > Node expands to:
      (11, 12)
      (11, 10)
[28]
  > Explored nodes:
      (11, 7)
      (13, 4)
      (11, 10)
      (16, 3)
      (16, 6)
      (9, 5)
      (10, 6)
      (10, 3)
      (11, 8)
      (13, 5)
      (16, 4)
      (11, 11)
      (16, 1)
      (16, 7)
      (9, 3)
      (9, 6)
      (11, 3)
      (11, 9)
      (12, 3)
      (11, 6)
      (14, 6)
      (16, 2)
      (13, 3)
      (15, 6)
      (16, 5)
      (13, 6)
      (9, 4)
  > Frontier:
      (13, 7)
      (8, 3)
      (8, 6)
      (11, 12)
  > Extracted node:
      (11, 12)
  > Node expands to:
      (11, 13)
      (11, 11)
[29]
  > Explored nodes:
      (11, 7)
      (13, 4)
      (11, 10)
      (16, 3)
      (16, 6)
      (9, 5)
      (10, 6)
      (10, 3)
      (11, 8)
      (13, 5)
      (16, 4)
      (11, 11)
      (16, 1)
      (16, 7)
      (9, 3)
      (9, 6)
      (11, 3)
      (11, 9)
      (12, 3)
      (11, 6)
      (14, 6)
      (11, 12)
      (16, 2)
      (13, 3)
      (15, 6)
      (16, 5)
      (13, 6)
      (9, 4)
  > Frontier:
      (13, 7)
      (8, 3)
      (8, 6)
      (11, 13)
  > Extracted node:
      (11, 13)
  > Node expands to:
      (11, 14)
      (11, 12)
[30]
  > Explored nodes:
      (11, 7)
      (13, 4)
      (11, 10)
      (11, 13)
      (16, 3)
      (16, 6)
      (9, 5)
      (10, 6)
      (10, 3)
      (11, 8)
      (13, 5)
      (16, 4)
      (11, 11)
      (16, 1)
      (16, 7)
      (9, 3)
      (9, 6)
      (11, 3)
      (11, 9)
      (12, 3)
      (11, 6)
      (14, 6)
      (11, 12)
      (16, 2)
      (13, 3)
      (15, 6)
      (16, 5)
      (13, 6)
      (9, 4)
  > Frontier:
      (13, 7)
      (8, 3)
      (8, 6)
      (11, 14)
  > Extracted node:
      (11, 14)
  > Node expands to:
      (11, 15)
      (11, 13)
[31]
  > Explored nodes:
      (11, 7)
      (13, 4)
      (11, 10)
      (11, 13)
      (16, 3)
      (16, 6)
      (9, 5)
      (10, 6)
      (10, 3)
      (11, 8)
      (11, 14)
      (13, 5)
      (16, 4)
      (11, 11)
      (16, 1)
      (16, 7)
      (9, 3)
      (9, 6)
      (11, 3)
      (11, 9)
      (12, 3)
      (11, 6)
      (14, 6)
      (11, 12)
      (16, 2)
      (13, 3)
      (15, 6)
      (16, 5)
      (13, 6)
      (9, 4)
  > Frontier:
      (13, 7)
      (8, 3)
      (8, 6)
      (11, 15)
  > Extracted node:
      (11, 15)
  > Node expands to:
      (11, 16)
      (11, 14)
[32]
  > Explored nodes:
      (11, 7)
      (13, 4)
      (11, 10)
      (11, 13)
      (16, 3)
      (16, 6)
      (9, 5)
      (10, 6)
      (10, 3)
      (11, 8)
      (11, 14)
      (13, 5)
      (16, 4)
      (11, 11)
      (16, 1)
      (16, 7)
      (9, 3)
      (9, 6)
      (11, 3)
      (11, 9)
      (12, 3)
      (11, 6)
      (14, 6)
      (11, 12)
      (16, 2)
      (13, 3)
      (15, 6)
      (11, 15)
      (16, 5)
      (13, 6)
      (9, 4)
  > Frontier:
      (13, 7)
      (8, 3)
      (8, 6)
      (11, 16)
  > Extracted node:
      (11, 16)
  > Node expands to:
      (11, 17)
      (11, 15)
[33]
  > Explored nodes:
      (9, 5)
      (10, 6)
      (10, 3)
      (11, 8)
      (11, 14)
      (13, 5)
      (16, 4)
      (11, 11)
      (16, 1)
      (16, 7)
      (12, 3)
      (14, 6)
      (9, 4)
      (11, 7)
      (13, 4)
      (11, 10)
      (11, 16)
      (11, 13)
      (16, 3)
      (16, 6)
      (9, 3)
      (9, 6)
      (11, 3)
      (11, 9)
      (11, 6)
      (11, 12)
      (16, 2)
      (13, 3)
      (15, 6)
      (11, 15)
      (16, 5)
      (13, 6)
  > Frontier:
      (13, 7)
      (8, 3)
      (8, 6)
      (11, 17)
  > Extracted node:
      (11, 17)
  > Node expands to:
      (11, 18)
      (11, 16)
[34]
  > Explored nodes:
      (9, 5)
      (10, 6)
      (10, 3)
      (11, 8)
      (11, 14)
      (13, 5)
      (16, 4)
      (11, 11)
      (16, 1)
      (16, 7)
      (11, 17)
      (12, 3)
      (14, 6)
      (9, 4)
      (11, 7)
      (13, 4)
      (11, 10)
      (11, 16)
      (11, 13)
      (16, 3)
      (16, 6)
      (9, 3)
      (9, 6)
      (11, 3)
      (11, 9)
      (11, 6)
      (11, 12)
      (16, 2)
      (13, 3)
      (15, 6)
      (11, 15)
      (16, 5)
      (13, 6)
  > Frontier:
      (13, 7)
      (8, 3)
      (8, 6)
      (11, 18)
  > Extracted node:
      (11, 18)
  > Node expands to:
      (12, 18)
      (11, 17)
[35]
  > Explored nodes:
      (9, 5)
      (10, 6)
      (10, 3)
      (11, 8)
      (11, 14)
      (13, 5)
      (16, 4)
      (11, 11)
      (16, 1)
      (16, 7)
      (11, 17)
      (12, 3)
      (14, 6)
      (9, 4)
      (11, 7)
      (13, 4)
      (11, 10)
      (11, 16)
      (11, 13)
      (16, 3)
      (16, 6)
      (9, 3)
      (9, 6)
      (11, 3)
      (11, 9)
      (11, 6)
      (11, 12)
      (16, 2)
      (13, 3)
      (15, 6)
      (11, 15)
      (16, 5)
      (13, 6)
      (11, 18)
  > Frontier:
      (13, 7)
      (8, 3)
      (8, 6)
      (12, 18)
  > Extracted node:
      (12, 18)
  > Node expands to:
      (11, 18)
      (13, 18)
[36]
  > Explored nodes:
      (9, 5)
      (10, 6)
      (10, 3)
      (11, 8)
      (11, 14)
      (13, 5)
      (16, 4)
      (11, 11)
      (16, 1)
      (16, 7)
      (11, 17)
      (12, 3)
      (14, 6)
      (12, 18)
      (9, 4)
      (11, 7)
      (13, 4)
      (11, 10)
      (11, 16)
      (11, 13)
      (16, 3)
      (16, 6)
      (9, 3)
      (9, 6)
      (11, 3)
      (11, 9)
      (11, 6)
      (11, 12)
      (16, 2)
      (13, 3)
      (15, 6)
      (11, 15)
      (16, 5)
      (13, 6)
      (11, 18)
  > Frontier:
      (13, 7)
      (8, 3)
      (8, 6)
      (13, 18)
  > Extracted node:
      (13, 18)
  > Node expands to:
      (12, 18)
      (13, 19)
[37]
  > Explored nodes:
      (9, 5)
      (10, 6)
      (10, 3)
      (11, 8)
      (11, 14)
      (13, 5)
      (16, 4)
      (11, 11)
      (16, 1)
      (16, 7)
      (11, 17)
      (12, 3)
      (14, 6)
      (12, 18)
      (9, 4)
      (11, 7)
      (13, 4)
      (11, 10)
      (11, 16)
      (11, 13)
      (16, 3)
      (16, 6)
      (9, 3)
      (9, 6)
      (11, 3)
      (11, 9)
      (11, 6)
      (11, 12)
      (16, 2)
      (13, 3)
      (15, 6)
      (11, 15)
      (16, 5)
      (13, 6)
      (13, 18)
      (11, 18)
  > Frontier:
      (13, 7)
      (8, 3)
      (8, 6)
      (13, 19)
  > Extracted node:
      (13, 19)
  > Node expands to:
      (13, 20)
      (13, 18)
[38]
  > Explored nodes:
      (9, 5)
      (10, 6)
      (10, 3)
      (11, 8)
      (11, 14)
      (13, 5)
      (16, 4)
      (11, 11)
      (16, 1)
      (16, 7)
      (11, 17)
      (12, 3)
      (14, 6)
      (12, 18)
      (9, 4)
      (11, 7)
      (13, 4)
      (11, 10)
      (11, 16)
      (11, 13)
      (16, 3)
      (16, 6)
      (13, 19)
      (9, 3)
      (9, 6)
      (11, 3)
      (11, 9)
      (11, 6)
      (11, 12)
      (16, 2)
      (13, 3)
      (15, 6)
      (11, 15)
      (16, 5)
      (13, 6)
      (13, 18)
      (11, 18)
  > Frontier:
      (13, 7)
      (8, 3)
      (8, 6)
      (13, 20)
  > Extracted node:
      (13, 20)
  > Node expands to:
      (13, 21)
      (13, 19)
[39]
  > Explored nodes:
      (9, 5)
      (10, 6)
      (10, 3)
      (11, 8)
      (11, 14)
      (13, 5)
      (16, 4)
      (11, 11)
      (16, 1)
      (16, 7)
      (11, 17)
      (13, 20)
      (12, 3)
      (14, 6)
      (12, 18)
      (9, 4)
      (11, 7)
      (13, 4)
      (11, 10)
      (11, 16)
      (11, 13)
      (16, 3)
      (16, 6)
      (13, 19)
      (9, 3)
      (9, 6)
      (11, 3)
      (11, 9)
      (11, 6)
      (11, 12)
      (16, 2)
      (13, 3)
      (15, 6)
      (11, 15)
      (16, 5)
      (13, 6)
      (13, 18)
      (11, 18)
  > Frontier:
      (13, 7)
      (8, 3)
      (8, 6)
      (13, 21)
  > Extracted node:
      (13, 21)
  > Node expands to:
      (12, 21)
      (13, 20)
[40]
  > Explored nodes:
      (9, 5)
      (10, 6)
      (10, 3)
      (11, 8)
      (11, 14)
      (13, 5)
      (16, 4)
      (11, 11)
      (16, 1)
      (16, 7)
      (11, 17)
      (13, 20)
      (12, 3)
      (14, 6)
      (12, 18)
      (9, 4)
      (11, 7)
      (13, 4)
      (11, 10)
      (11, 16)
      (11, 13)
      (16, 3)
      (16, 6)
      (13, 19)
      (9, 3)
      (9, 6)
      (11, 3)
      (11, 9)
      (11, 6)
      (11, 12)
      (16, 2)
      (13, 3)
      (15, 6)
      (11, 15)
      (16, 5)
      (13, 6)
      (13, 18)
      (11, 18)
      (13, 21)
  > Frontier:
      (13, 7)
      (8, 3)
      (8, 6)
      (12, 21)
  > Extracted node:
      (12, 21)
  > Node expands to:
      (13, 21)
[41]
  > Explored nodes:
      (9, 5)
      (10, 6)
      (10, 3)
      (11, 8)
      (11, 14)
      (13, 5)
      (16, 4)
      (11, 11)
      (16, 1)
      (16, 7)
      (11, 17)
      (13, 20)
      (12, 3)
      (14, 6)
      (12, 21)
      (12, 18)
      (9, 4)
      (11, 7)
      (13, 4)
      (11, 10)
      (11, 16)
      (11, 13)
      (16, 3)
      (16, 6)
      (13, 19)
      (9, 3)
      (9, 6)
      (11, 3)
      (11, 9)
      (11, 6)
      (11, 12)
      (16, 2)
      (13, 3)
      (15, 6)
      (11, 15)
      (16, 5)
      (13, 6)
      (13, 18)
      (11, 18)
      (13, 21)
  > Frontier:
      (13, 7)
      (8, 3)
      (8, 6)
  > Extracted node:
      (8, 6)
  > Node expands to:
      (7, 6)
      (9, 6)
[42]
  > Explored nodes:
      (9, 5)
      (10, 6)
      (8, 6)
      (10, 3)
      (11, 8)
      (11, 14)
      (13, 5)
      (16, 4)
      (11, 11)
      (16, 1)
      (16, 7)
      (11, 17)
      (13, 20)
      (12, 3)
      (14, 6)
      (12, 21)
      (12, 18)
      (9, 4)
      (11, 7)
      (13, 4)
      (11, 10)
      (11, 16)
      (11, 13)
      (16, 3)
      (16, 6)
      (13, 19)
      (9, 3)
      (9, 6)
      (11, 3)
      (11, 9)
      (11, 6)
      (11, 12)
      (16, 2)
      (13, 3)
      (15, 6)
      (11, 15)
      (16, 5)
      (13, 6)
      (13, 18)
      (11, 18)
      (13, 21)
  > Frontier:
      (13, 7)
      (8, 3)
      (7, 6)
  > Extracted node:
      (7, 6)
  > Node expands to:
      (7, 7)
      (8, 6)
[43]
  > Explored nodes:
      (9, 5)
      (10, 6)
      (8, 6)
      (10, 3)
      (11, 8)
      (11, 14)
      (13, 5)
      (16, 4)
      (11, 11)
      (16, 1)
      (16, 7)
      (11, 17)
      (13, 20)
      (12, 3)
      (14, 6)
      (12, 21)
      (12, 18)
      (9, 4)
      (11, 7)
      (13, 4)
      (11, 10)
      (11, 16)
      (11, 13)
      (16, 3)
      (16, 6)
      (13, 19)
      (7, 6)
      (9, 3)
      (9, 6)
      (11, 3)
      (11, 9)
      (11, 6)
      (11, 12)
      (16, 2)
      (13, 3)
      (15, 6)
      (11, 15)
      (16, 5)
      (13, 6)
      (13, 18)
      (11, 18)
      (13, 21)
  > Frontier:
      (13, 7)
      (8, 3)
      (7, 7)
  > Extracted node:
      (7, 7)
  > Node expands to:
      (7, 8)
      (7, 6)
[44]
  > Explored nodes:
      (9, 5)
      (10, 6)
      (8, 6)
      (10, 3)
      (11, 8)
      (11, 14)
      (13, 5)
      (16, 4)
      (11, 11)
      (16, 1)
      (16, 7)
      (11, 17)
      (7, 7)
      (13, 20)
      (12, 3)
      (14, 6)
      (12, 21)
      (12, 18)
      (9, 4)
      (11, 7)
      (13, 4)
      (11, 10)
      (11, 16)
      (11, 13)
      (16, 3)
      (16, 6)
      (13, 19)
      (7, 6)
      (9, 3)
      (9, 6)
      (11, 3)
      (11, 9)
      (11, 6)
      (11, 12)
      (16, 2)
      (13, 3)
      (15, 6)
      (11, 15)
      (16, 5)
      (13, 6)
      (13, 18)
      (11, 18)
      (13, 21)
  > Frontier:
      (13, 7)
      (8, 3)
      (7, 8)
  > Extracted node:
      (7, 8)
  > Node expands to:
      (7, 9)
      (7, 7)
[45]
  > Explored nodes:
      (9, 5)
      (10, 6)
      (8, 6)
      (10, 3)
      (11, 8)
      (11, 14)
      (13, 5)
      (16, 4)
      (11, 11)
      (16, 1)
      (16, 7)
      (11, 17)
      (7, 7)
      (13, 20)
      (12, 3)
      (14, 6)
      (12, 21)
      (12, 18)
      (9, 4)
      (11, 7)
      (13, 4)
      (11, 10)
      (11, 16)
      (11, 13)
      (16, 3)
      (16, 6)
      (13, 19)
      (7, 6)
      (9, 3)
      (9, 6)
      (11, 3)
      (11, 9)
      (11, 6)
      (11, 12)
      (16, 2)
      (13, 3)
      (15, 6)
      (11, 15)
      (16, 5)
      (13, 6)
      (13, 18)
      (11, 18)
      (13, 21)
      (7, 8)
  > Frontier:
      (13, 7)
      (8, 3)
      (7, 9)
  > Extracted node:
      (7, 9)
  > Node expands to:
      (7, 10)
      (7, 8)
[46]
  > Explored nodes:
      (9, 5)
      (10, 6)
      (8, 6)
      (10, 3)
      (11, 8)
      (11, 14)
      (13, 5)
      (16, 4)
      (11, 11)
      (16, 1)
      (16, 7)
      (11, 17)
      (7, 7)
      (13, 20)
      (12, 3)
      (14, 6)
      (12, 21)
      (12, 18)
      (9, 4)
      (11, 7)
      (13, 4)
      (11, 10)
      (11, 16)
      (11, 13)
      (16, 3)
      (16, 6)
      (13, 19)
      (7, 9)
      (7, 6)
      (9, 3)
      (9, 6)
      (11, 3)
      (11, 9)
      (11, 6)
      (11, 12)
      (16, 2)
      (13, 3)
      (15, 6)
      (11, 15)
      (16, 5)
      (13, 6)
      (13, 18)
      (11, 18)
      (13, 21)
      (7, 8)
  > Frontier:
      (13, 7)
      (8, 3)
      (7, 10)
  > Extracted node:
      (7, 10)
  > Node expands to:
      (7, 11)
      (8, 10)
      (7, 9)
[47]
  > Explored nodes:
      (9, 5)
      (10, 6)
      (8, 6)
      (10, 3)
      (11, 8)
      (11, 14)
      (13, 5)
      (16, 4)
      (11, 11)
      (16, 1)
      (16, 7)
      (11, 17)
      (7, 7)
      (13, 20)
      (7, 10)
      (12, 3)
      (14, 6)
      (12, 21)
      (12, 18)
      (9, 4)
      (11, 7)
      (13, 4)
      (11, 10)
      (11, 16)
      (11, 13)
      (16, 3)
      (16, 6)
      (13, 19)
      (7, 9)
      (7, 6)
      (9, 3)
      (9, 6)
      (11, 3)
      (11, 9)
      (11, 6)
      (11, 12)
      (16, 2)
      (13, 3)
      (15, 6)
      (11, 15)
      (16, 5)
      (13, 6)
      (13, 18)
      (11, 18)
      (13, 21)
      (7, 8)
  > Frontier:
      (13, 7)
      (8, 3)
      (7, 11)
      (8, 10)
  > Extracted node:
      (8, 10)
  > Node expands to:
      (7, 10)
      (9, 10)
[48]
  > Explored nodes:
      (9, 5)
      (10, 6)
      (8, 6)
      (10, 3)
      (11, 8)
      (11, 14)
      (13, 5)
      (16, 4)
      (11, 11)
      (16, 1)
      (16, 7)
      (11, 17)
      (7, 7)
      (13, 20)
      (7, 10)
      (12, 3)
      (14, 6)
      (12, 21)
      (12, 18)
      (9, 4)
      (11, 7)
      (13, 4)
      (11, 10)
      (11, 16)
      (11, 13)
      (16, 3)
      (16, 6)
      (13, 19)
      (7, 9)
      (7, 6)
      (9, 3)
      (9, 6)
      (11, 3)
      (11, 9)
      (8, 10)
      (11, 6)
      (11, 12)
      (16, 2)
      (13, 3)
      (15, 6)
      (11, 15)
      (16, 5)
      (13, 6)
      (13, 18)
      (11, 18)
      (13, 21)
      (7, 8)
  > Frontier:
      (13, 7)
      (8, 3)
      (7, 11)
      (9, 10)
  > Extracted node:
      (9, 10)
  > Node expands to:
      (8, 10)
      (9, 9)
[49]
  > Explored nodes:
      (9, 5)
      (10, 6)
      (8, 6)
      (10, 3)
      (11, 8)
      (11, 14)
      (13, 5)
      (16, 4)
      (11, 11)
      (16, 1)
      (16, 7)
      (11, 17)
      (7, 7)
      (13, 20)
      (7, 10)
      (12, 3)
      (14, 6)
      (12, 21)
      (12, 18)
      (9, 4)
      (9, 10)
      (11, 7)
      (13, 4)
      (11, 10)
      (11, 16)
      (11, 13)
      (16, 3)
      (16, 6)
      (13, 19)
      (7, 9)
      (7, 6)
      (9, 3)
      (9, 6)
      (11, 3)
      (11, 9)
      (8, 10)
      (11, 6)
      (11, 12)
      (16, 2)
      (13, 3)
      (15, 6)
      (11, 15)
      (16, 5)
      (13, 6)
      (13, 18)
      (11, 18)
      (13, 21)
      (7, 8)
  > Frontier:
      (13, 7)
      (8, 3)
      (7, 11)
      (9, 9)
  > Extracted node:
      (9, 9)
  > Node expands to:
      (9, 10)
      (9, 8)
[50]
  > Explored nodes:
      (9, 5)
      (10, 6)
      (8, 6)
      (10, 3)
      (11, 8)
      (11, 14)
      (13, 5)
      (16, 4)
      (11, 11)
      (16, 1)
      (16, 7)
      (11, 17)
      (7, 7)
      (13, 20)
      (7, 10)
      (12, 3)
      (14, 6)
      (12, 21)
      (12, 18)
      (9, 4)
      (9, 10)
      (11, 7)
      (13, 4)
      (11, 10)
      (11, 16)
      (11, 13)
      (16, 3)
      (16, 6)
      (13, 19)
      (7, 9)
      (7, 6)
      (9, 3)
      (9, 9)
      (9, 6)
      (11, 3)
      (11, 9)
      (8, 10)
      (11, 6)
      (11, 12)
      (16, 2)
      (13, 3)
      (15, 6)
      (11, 15)
      (16, 5)
      (13, 6)
      (13, 18)
      (11, 18)
      (13, 21)
      (7, 8)
  > Frontier:
      (13, 7)
      (8, 3)
      (7, 11)
      (9, 8)
  > Extracted node:
      (9, 8)
  > Node expands to:
      (9, 9)
[51]
  > Explored nodes:
      (9, 5)
      (10, 6)
      (9, 8)
      (8, 6)
      (10, 3)
      (11, 8)
      (11, 14)
      (13, 5)
      (16, 4)
      (11, 11)
      (16, 1)
      (16, 7)
      (11, 17)
      (7, 7)
      (13, 20)
      (7, 10)
      (12, 3)
      (14, 6)
      (12, 21)
      (12, 18)
      (9, 4)
      (9, 10)
      (11, 7)
      (13, 4)
      (11, 10)
      (11, 16)
      (11, 13)
      (16, 3)
      (16, 6)
      (13, 19)
      (7, 9)
      (7, 6)
      (9, 3)
      (9, 9)
      (9, 6)
      (11, 3)
      (11, 9)
      (8, 10)
      (11, 6)
      (11, 12)
      (16, 2)
      (13, 3)
      (15, 6)
      (11, 15)
      (16, 5)
      (13, 6)
      (13, 18)
      (11, 18)
      (13, 21)
      (7, 8)
  > Frontier:
      (13, 7)
      (8, 3)
      (7, 11)
  > Extracted node:
      (7, 11)
  > Node expands to:
      (7, 12)
      (7, 10)
[52]
  > Explored nodes:
      (9, 5)
      (10, 6)
      (9, 8)
      (8, 6)
      (10, 3)
      (11, 8)
      (11, 14)
      (13, 5)
      (16, 4)
      (11, 11)
      (16, 1)
      (16, 7)
      (11, 17)
      (7, 7)
      (13, 20)
      (7, 10)
      (12, 3)
      (14, 6)
      (12, 21)
      (12, 18)
      (7, 11)
      (9, 4)
      (9, 10)
      (11, 7)
      (13, 4)
      (11, 10)
      (11, 16)
      (11, 13)
      (16, 3)
      (16, 6)
      (13, 19)
      (7, 9)
      (7, 6)
      (9, 3)
      (9, 9)
      (9, 6)
      (11, 3)
      (11, 9)
      (8, 10)
      (11, 6)
      (11, 12)
      (16, 2)
      (13, 3)
      (15, 6)
      (11, 15)
      (16, 5)
      (13, 6)
      (13, 18)
      (11, 18)
      (13, 21)
      (7, 8)
  > Frontier:
      (13, 7)
      (8, 3)
      (7, 12)
  > Extracted node:
      (7, 12)
  > Node expands to:
      (7, 13)
      (7, 11)
[53]
  > Explored nodes:
      (9, 5)
      (10, 6)
      (9, 8)
      (8, 6)
      (10, 3)
      (11, 8)
      (11, 14)
      (13, 5)
      (16, 4)
      (11, 11)
      (16, 1)
      (16, 7)
      (11, 17)
      (7, 7)
      (13, 20)
      (7, 10)
      (12, 3)
      (14, 6)
      (12, 21)
      (12, 18)
      (7, 11)
      (9, 4)
      (9, 10)
      (11, 7)
      (13, 4)
      (11, 10)
      (11, 16)
      (11, 13)
      (16, 3)
      (16, 6)
      (13, 19)
      (7, 9)
      (7, 6)
      (7, 12)
      (9, 3)
      (9, 9)
      (9, 6)
      (11, 3)
      (11, 9)
      (8, 10)
      (11, 6)
      (11, 12)
      (16, 2)
      (13, 3)
      (15, 6)
      (11, 15)
      (16, 5)
      (13, 6)
      (13, 18)
      (11, 18)
      (13, 21)
      (7, 8)
  > Frontier:
      (13, 7)
      (8, 3)
      (7, 13)
  > Extracted node:
      (7, 13)
  > Node expands to:
      (7, 14)
      (8, 13)
      (7, 12)
[54]
  > Explored nodes:
      (9, 5)
      (10, 6)
      (9, 8)
      (8, 6)
      (10, 3)
      (11, 8)
      (11, 14)
      (13, 5)
      (16, 4)
      (11, 11)
      (16, 1)
      (16, 7)
      (11, 17)
      (7, 7)
      (13, 20)
      (7, 10)
      (7, 13)
      (12, 3)
      (14, 6)
      (12, 21)
      (12, 18)
      (7, 11)
      (9, 4)
      (9, 10)
      (11, 7)
      (13, 4)
      (11, 10)
      (11, 16)
      (11, 13)
      (16, 3)
      (16, 6)
      (13, 19)
      (7, 9)
      (7, 6)
      (7, 12)
      (9, 3)
      (9, 9)
      (9, 6)
      (11, 3)
      (11, 9)
      (8, 10)
      (11, 6)
      (11, 12)
      (16, 2)
      (13, 3)
      (15, 6)
      (11, 15)
      (16, 5)
      (13, 6)
      (13, 18)
      (11, 18)
      (13, 21)
      (7, 8)
  > Frontier:
      (13, 7)
      (8, 3)
      (7, 14)
      (8, 13)
  > Extracted node:
      (8, 13)
  > Node expands to:
      (7, 13)
      (9, 13)
[55]
  > Explored nodes:
      (9, 5)
      (10, 6)
      (9, 8)
      (8, 6)
      (10, 3)
      (11, 8)
      (11, 14)
      (13, 5)
      (16, 4)
      (11, 11)
      (16, 1)
      (16, 7)
      (11, 17)
      (7, 7)
      (13, 20)
      (7, 10)
      (7, 13)
      (12, 3)
      (14, 6)
      (12, 21)
      (12, 18)
      (7, 11)
      (9, 4)
      (9, 10)
      (11, 7)
      (13, 4)
      (11, 10)
      (11, 16)
      (11, 13)
      (16, 3)
      (16, 6)
      (13, 19)
      (7, 9)
      (7, 6)
      (7, 12)
      (9, 3)
      (9, 9)
      (9, 6)
      (11, 3)
      (11, 9)
      (8, 10)
      (11, 6)
      (11, 12)
      (16, 2)
      (13, 3)
      (15, 6)
      (11, 15)
      (16, 5)
      (13, 6)
      (13, 18)
      (11, 18)
      (8, 13)
      (13, 21)
      (7, 8)
  > Frontier:
      (13, 7)
      (8, 3)
      (7, 14)
      (9, 13)
  > Extracted node:
      (9, 13)
  > Node expands to:
      (8, 13)
[56]
  > Explored nodes:
      (9, 5)
      (10, 6)
      (9, 8)
      (8, 6)
      (10, 3)
      (11, 8)
      (11, 14)
      (13, 5)
      (16, 4)
      (11, 11)
      (16, 1)
      (16, 7)
      (11, 17)
      (7, 7)
      (13, 20)
      (7, 10)
      (7, 13)
      (12, 3)
      (14, 6)
      (12, 21)
      (12, 18)
      (7, 11)
      (9, 4)
      (9, 10)
      (11, 7)
      (13, 4)
      (9, 13)
      (11, 10)
      (11, 16)
      (11, 13)
      (16, 3)
      (16, 6)
      (13, 19)
      (7, 9)
      (7, 6)
      (7, 12)
      (9, 3)
      (9, 9)
      (9, 6)
      (11, 3)
      (11, 9)
      (8, 10)
      (11, 6)
      (11, 12)
      (16, 2)
      (13, 3)
      (15, 6)
      (11, 15)
      (16, 5)
      (13, 6)
      (13, 18)
      (11, 18)
      (8, 13)
      (13, 21)
      (7, 8)
  > Frontier:
      (13, 7)
      (8, 3)
      (7, 14)
  > Extracted node:
      (7, 14)
  > Node expands to:
      (7, 15)
      (7, 13)
[57]
  > Explored nodes:
      (9, 5)
      (10, 6)
      (9, 8)
      (8, 6)
      (10, 3)
      (11, 8)
      (11, 14)
      (13, 5)
      (16, 4)
      (11, 11)
      (16, 1)
      (16, 7)
      (11, 17)
      (7, 7)
      (13, 20)
      (7, 10)
      (7, 13)
      (12, 3)
      (14, 6)
      (12, 21)
      (12, 18)
      (7, 11)
      (9, 4)
      (9, 10)
      (11, 7)
      (13, 4)
      (9, 13)
      (11, 10)
      (11, 16)
      (11, 13)
      (16, 3)
      (16, 6)
      (13, 19)
      (7, 9)
      (7, 6)
      (7, 12)
      (9, 3)
      (9, 9)
      (9, 6)
      (11, 3)
      (11, 9)
      (8, 10)
      (11, 6)
      (11, 12)
      (16, 2)
      (13, 3)
      (15, 6)
      (11, 15)
      (16, 5)
      (13, 6)
      (13, 18)
      (11, 18)
      (8, 13)
      (13, 21)
      (7, 8)
      (7, 14)
  > Frontier:
      (13, 7)
      (8, 3)
      (7, 15)
  > Extracted node:
      (7, 15)
  > Node expands to:
      (7, 16)
      (7, 14)
[58]
  > Explored nodes:
      (9, 5)
      (10, 6)
      (9, 8)
      (8, 6)
      (10, 3)
      (11, 8)
      (11, 14)
      (13, 5)
      (16, 4)
      (11, 11)
      (16, 1)
      (16, 7)
      (11, 17)
      (7, 7)
      (13, 20)
      (7, 10)
      (7, 13)
      (12, 3)
      (14, 6)
      (12, 21)
      (12, 18)
      (7, 11)
      (9, 4)
      (9, 10)
      (11, 7)
      (13, 4)
      (9, 13)
      (11, 10)
      (11, 16)
      (11, 13)
      (16, 3)
      (16, 6)
      (13, 19)
      (7, 9)
      (7, 6)
      (7, 12)
      (7, 15)
      (9, 3)
      (9, 9)
      (9, 6)
      (11, 3)
      (11, 9)
      (8, 10)
      (11, 6)
      (11, 12)
      (16, 2)
      (13, 3)
      (15, 6)
      (11, 15)
      (16, 5)
      (13, 6)
      (13, 18)
      (11, 18)
      (8, 13)
      (13, 21)
      (7, 8)
      (7, 14)
  > Frontier:
      (13, 7)
      (8, 3)
      (7, 16)
  > Extracted node:
      (7, 16)
  > Node expands to:
      (7, 17)
      (7, 15)
[59]
  > Explored nodes:
      (9, 5)
      (10, 6)
      (9, 8)
      (8, 6)
      (10, 3)
      (11, 8)
      (11, 14)
      (13, 5)
      (16, 4)
      (11, 11)
      (16, 1)
      (16, 7)
      (11, 17)
      (7, 7)
      (13, 20)
      (7, 10)
      (7, 16)
      (7, 13)
      (12, 3)
      (14, 6)
      (12, 21)
      (12, 18)
      (7, 11)
      (9, 4)
      (9, 10)
      (11, 7)
      (13, 4)
      (9, 13)
      (11, 10)
      (11, 16)
      (11, 13)
      (16, 3)
      (16, 6)
      (13, 19)
      (7, 9)
      (7, 6)
      (7, 12)
      (7, 15)
      (9, 3)
      (9, 9)
      (9, 6)
      (11, 3)
      (11, 9)
      (8, 10)
      (11, 6)
      (11, 12)
      (16, 2)
      (13, 3)
      (15, 6)
      (11, 15)
      (16, 5)
      (13, 6)
      (13, 18)
      (11, 18)
      (8, 13)
      (13, 21)
      (7, 8)
      (7, 14)
  > Frontier:
      (13, 7)
      (8, 3)
      (7, 17)
  > Extracted node:
      (7, 17)
  > Node expands to:
      (7, 18)
      (7, 16)
[60]
  > Explored nodes:
      (7, 17)
      (9, 5)
      (10, 6)
      (9, 8)
      (8, 6)
      (10, 3)
      (11, 8)
      (11, 14)
      (13, 5)
      (16, 4)
      (11, 11)
      (16, 1)
      (16, 7)
      (11, 17)
      (7, 7)
      (13, 20)
      (7, 10)
      (7, 16)
      (7, 13)
      (12, 3)
      (14, 6)
      (12, 21)
      (12, 18)
      (7, 11)
      (9, 4)
      (9, 10)
      (11, 7)
      (13, 4)
      (9, 13)
      (11, 10)
      (11, 16)
      (11, 13)
      (16, 3)
      (16, 6)
      (13, 19)
      (7, 9)
      (7, 6)
      (7, 12)
      (7, 15)
      (9, 3)
      (9, 9)
      (9, 6)
      (11, 3)
      (11, 9)
      (8, 10)
      (11, 6)
      (11, 12)
      (16, 2)
      (13, 3)
      (15, 6)
      (11, 15)
      (16, 5)
      (13, 6)
      (13, 18)
      (11, 18)
      (8, 13)
      (13, 21)
      (7, 8)
      (7, 14)
  > Frontier:
      (13, 7)
      (8, 3)
      (7, 18)
  > Extracted node:
      (7, 18)
  > Node expands to:
      (7, 19)
      (7, 17)
[61]
  > Explored nodes:
      (7, 17)
      (9, 5)
      (10, 6)
      (9, 8)
      (8, 6)
      (10, 3)
      (11, 8)
      (11, 14)
      (13, 5)
      (16, 4)
      (11, 11)
      (16, 1)
      (16, 7)
      (11, 17)
      (7, 7)
      (13, 20)
      (7, 10)
      (7, 16)
      (7, 13)
      (12, 3)
      (14, 6)
      (12, 21)
      (12, 18)
      (7, 11)
      (9, 4)
      (9, 10)
      (11, 7)
      (13, 4)
      (9, 13)
      (11, 10)
      (11, 16)
      (11, 13)
      (16, 3)
      (16, 6)
      (13, 19)
      (7, 9)
      (7, 6)
      (7, 12)
      (7, 15)
      (7, 18)
      (9, 3)
      (9, 9)
      (9, 6)
      (11, 3)
      (11, 9)
      (8, 10)
      (11, 6)
      (11, 12)
      (16, 2)
      (13, 3)
      (15, 6)
      (11, 15)
      (16, 5)
      (13, 6)
      (13, 18)
      (11, 18)
      (8, 13)
      (13, 21)
      (7, 8)
      (7, 14)
  > Frontier:
      (13, 7)
      (8, 3)
      (7, 19)
  > Extracted node:
      (7, 19)
  > Node expands to:
      (7, 20)
      (7, 18)
[62]
  > Explored nodes:
      (7, 17)
      (9, 5)
      (10, 6)
      (9, 8)
      (8, 6)
      (10, 3)
      (11, 8)
      (11, 14)
      (13, 5)
      (16, 4)
      (11, 11)
      (16, 1)
      (16, 7)
      (11, 17)
      (7, 7)
      (13, 20)
      (7, 10)
      (7, 16)
      (7, 13)
      (12, 3)
      (7, 19)
      (14, 6)
      (12, 21)
      (12, 18)
      (7, 11)
      (9, 4)
      (9, 10)
      (11, 7)
      (13, 4)
      (9, 13)
      (11, 10)
      (11, 16)
      (11, 13)
      (16, 3)
      (16, 6)
      (13, 19)
      (7, 9)
      (7, 6)
      (7, 12)
      (7, 15)
      (7, 18)
      (9, 3)
      (9, 9)
      (9, 6)
      (11, 3)
      (11, 9)
      (8, 10)
      (11, 6)
      (11, 12)
      (16, 2)
      (13, 3)
      (15, 6)
      (11, 15)
      (16, 5)
      (13, 6)
      (13, 18)
      (11, 18)
      (8, 13)
      (13, 21)
      (7, 8)
      (7, 14)
  > Frontier:
      (13, 7)
      (8, 3)
      (7, 20)
  > Extracted node:
      (7, 20)
  > Node expands to:
      (7, 21)
      (7, 19)
[63]
  > Explored nodes:
      (7, 17)
      (7, 20)
      (9, 5)
      (10, 6)
      (9, 8)
      (8, 6)
      (10, 3)
      (11, 8)
      (11, 14)
      (13, 5)
      (16, 4)
      (11, 11)
      (16, 1)
      (16, 7)
      (11, 17)
      (7, 7)
      (13, 20)
      (7, 10)
      (7, 16)
      (7, 13)
      (12, 3)
      (7, 19)
      (14, 6)
      (12, 21)
      (12, 18)
      (7, 11)
      (9, 4)
      (9, 10)
      (11, 7)
      (13, 4)
      (9, 13)
      (11, 10)
      (11, 16)
      (11, 13)
      (16, 3)
      (16, 6)
      (13, 19)
      (7, 9)
      (7, 6)
      (7, 12)
      (7, 15)
      (7, 18)
      (9, 3)
      (9, 9)
      (9, 6)
      (11, 3)
      (11, 9)
      (8, 10)
      (11, 6)
      (11, 12)
      (16, 2)
      (13, 3)
      (15, 6)
      (11, 15)
      (16, 5)
      (13, 6)
      (13, 18)
      (11, 18)
      (8, 13)
      (13, 21)
      (7, 8)
      (7, 14)
  > Frontier:
      (13, 7)
      (8, 3)
      (7, 21)
  > Extracted node:
      (7, 21)
  > Node expands to:
      (6, 21)
      (7, 20)
[64]
  > Explored nodes:
      (7, 17)
      (7, 20)
      (9, 5)
      (10, 6)
      (9, 8)
      (8, 6)
      (10, 3)
      (11, 8)
      (11, 14)
      (13, 5)
      (16, 4)
      (11, 11)
      (16, 1)
      (16, 7)
      (11, 17)
      (7, 7)
      (13, 20)
      (7, 10)
      (7, 16)
      (7, 13)
      (12, 3)
      (7, 19)
      (14, 6)
      (12, 21)
      (12, 18)
      (7, 11)
      (9, 4)
      (9, 10)
      (11, 7)
      (13, 4)
      (9, 13)
      (11, 10)
      (11, 16)
      (11, 13)
      (16, 3)
      (16, 6)
      (13, 19)
      (7, 9)
      (7, 6)
      (7, 12)
      (7, 15)
      (7, 21)
      (7, 18)
      (9, 3)
      (9, 9)
      (9, 6)
      (11, 3)
      (11, 9)
      (8, 10)
      (11, 6)
      (11, 12)
      (16, 2)
      (13, 3)
      (15, 6)
      (11, 15)
      (16, 5)
      (13, 6)
      (13, 18)
      (11, 18)
      (8, 13)
      (13, 21)
      (7, 8)
      (7, 14)
  > Frontier:
      (13, 7)
      (8, 3)
      (6, 21)
  > Extracted node:
      (6, 21)
  > Node expands to:
      (5, 21)
      (7, 21)
[65]
  > Explored nodes:
      (7, 17)
      (10, 6)
      (9, 8)
      (8, 6)
      (10, 3)
      (11, 14)
      (11, 11)
      (16, 7)
      (7, 10)
      (12, 3)
      (7, 19)
      (12, 21)
      (12, 18)
      (9, 10)
      (11, 7)
      (13, 4)
      (11, 16)
      (11, 13)
      (16, 6)
      (13, 19)
      (7, 12)
      (7, 21)
      (7, 18)
      (9, 3)
      (11, 9)
      (8, 10)
      (11, 6)
      (16, 2)
      (13, 3)
      (11, 15)
      (13, 21)
      (7, 14)
      (6, 21)
      (7, 20)
      (9, 5)
      (11, 8)
      (13, 5)
      (16, 4)
      (16, 1)
      (11, 17)
      (7, 7)
      (13, 20)
      (7, 16)
      (7, 13)
      (14, 6)
      (9, 4)
      (9, 13)
      (11, 10)
      (16, 3)
      (7, 9)
      (7, 6)
      (7, 15)
      (9, 9)
      (9, 6)
      (11, 3)
      (11, 12)
      (8, 13)
      (15, 6)
      (16, 5)
      (13, 6)
      (13, 18)
      (11, 18)
      (7, 11)
      (7, 8)
  > Frontier:
      (13, 7)
      (8, 3)
      (5, 21)
  > Extracted node:
      (5, 21)
  > Node expands to:
      (4, 21)
      (6, 21)
      (5, 20)
[66]
  > Explored nodes:
      (7, 17)
      (10, 6)
      (9, 8)
      (8, 6)
      (10, 3)
      (11, 14)
      (11, 11)
      (16, 7)
      (7, 10)
      (12, 3)
      (7, 19)
      (12, 21)
      (12, 18)
      (9, 10)
      (11, 7)
      (5, 21)
      (13, 4)
      (11, 16)
      (11, 13)
      (16, 6)
      (13, 19)
      (7, 12)
      (7, 21)
      (7, 18)
      (9, 3)
      (11, 9)
      (8, 10)
      (11, 6)
      (16, 2)
      (13, 3)
      (11, 15)
      (13, 21)
      (7, 14)
      (6, 21)
      (7, 20)
      (9, 5)
      (11, 8)
      (13, 5)
      (16, 4)
      (16, 1)
      (11, 17)
      (7, 7)
      (13, 20)
      (7, 16)
      (7, 13)
      (14, 6)
      (9, 4)
      (9, 13)
      (11, 10)
      (16, 3)
      (7, 9)
      (7, 6)
      (7, 15)
      (9, 9)
      (9, 6)
      (11, 3)
      (11, 12)
      (8, 13)
      (15, 6)
      (16, 5)
      (13, 6)
      (13, 18)
      (11, 18)
      (7, 11)
      (7, 8)
  > Frontier:
      (13, 7)
      (8, 3)
      (4, 21)
      (5, 20)
  > Extracted node:
      (5, 20)
  > Node expands to:
      (5, 21)
      (5, 19)
[67]
  > Explored nodes:
      (7, 17)
      (10, 6)
      (9, 8)
      (8, 6)
      (10, 3)
      (11, 14)
      (11, 11)
      (16, 7)
      (7, 10)
      (12, 3)
      (7, 19)
      (12, 21)
      (12, 18)
      (9, 10)
      (11, 7)
      (5, 21)
      (13, 4)
      (11, 16)
      (11, 13)
      (16, 6)
      (13, 19)
      (7, 12)
      (7, 21)
      (7, 18)
      (9, 3)
      (11, 9)
      (8, 10)
      (11, 6)
      (5, 20)
      (16, 2)
      (13, 3)
      (11, 15)
      (13, 21)
      (7, 14)
      (6, 21)
      (7, 20)
      (9, 5)
      (11, 8)
      (13, 5)
      (16, 4)
      (16, 1)
      (11, 17)
      (7, 7)
      (13, 20)
      (7, 16)
      (7, 13)
      (14, 6)
      (9, 4)
      (9, 13)
      (11, 10)
      (16, 3)
      (7, 9)
      (7, 6)
      (7, 15)
      (9, 9)
      (9, 6)
      (11, 3)
      (11, 12)
      (8, 13)
      (15, 6)
      (16, 5)
      (13, 6)
      (13, 18)
      (11, 18)
      (7, 11)
      (7, 8)
  > Frontier:
      (13, 7)
      (8, 3)
      (4, 21)
      (5, 19)
  > Extracted node:
      (5, 19)
  > Node expands to:
      (5, 20)
      (5, 18)
[68]
  > Explored nodes:
      (7, 17)
      (10, 6)
      (9, 8)
      (8, 6)
      (10, 3)
      (5, 19)
      (11, 14)
      (11, 11)
      (16, 7)
      (7, 10)
      (12, 3)
      (7, 19)
      (12, 21)
      (12, 18)
      (9, 10)
      (11, 7)
      (5, 21)
      (13, 4)
      (11, 16)
      (11, 13)
      (16, 6)
      (13, 19)
      (7, 12)
      (7, 21)
      (7, 18)
      (9, 3)
      (11, 9)
      (8, 10)
      (11, 6)
      (5, 20)
      (16, 2)
      (13, 3)
      (11, 15)
      (13, 21)
      (7, 14)
      (6, 21)
      (7, 20)
      (9, 5)
      (11, 8)
      (13, 5)
      (16, 4)
      (16, 1)
      (11, 17)
      (7, 7)
      (13, 20)
      (7, 16)
      (7, 13)
      (14, 6)
      (9, 4)
      (9, 13)
      (11, 10)
      (16, 3)
      (7, 9)
      (7, 6)
      (7, 15)
      (9, 9)
      (9, 6)
      (11, 3)
      (11, 12)
      (8, 13)
      (15, 6)
      (16, 5)
      (13, 6)
      (13, 18)
      (11, 18)
      (7, 11)
      (7, 8)
  > Frontier:
      (13, 7)
      (8, 3)
      (4, 21)
      (5, 18)
  > Extracted node:
      (5, 18)
  > Node expands to:
      (5, 19)
      (5, 17)
[69]
  > Explored nodes:
      (7, 17)
      (10, 6)
      (9, 8)
      (8, 6)
      (10, 3)
      (5, 19)
      (11, 14)
      (11, 11)
      (16, 7)
      (7, 10)
      (12, 3)
      (7, 19)
      (12, 21)
      (12, 18)
      (9, 10)
      (11, 7)
      (5, 21)
      (13, 4)
      (11, 16)
      (11, 13)
      (16, 6)
      (13, 19)
      (7, 12)
      (7, 21)
      (7, 18)
      (9, 3)
      (11, 9)
      (8, 10)
      (11, 6)
      (5, 20)
      (16, 2)
      (13, 3)
      (11, 15)
      (13, 21)
      (7, 14)
      (6, 21)
      (7, 20)
      (9, 5)
      (11, 8)
      (13, 5)
      (16, 4)
      (16, 1)
      (11, 17)
      (7, 7)
      (13, 20)
      (7, 16)
      (7, 13)
      (14, 6)
      (5, 18)
      (9, 4)
      (9, 13)
      (11, 10)
      (16, 3)
      (7, 9)
      (7, 6)
      (7, 15)
      (9, 9)
      (9, 6)
      (11, 3)
      (11, 12)
      (8, 13)
      (15, 6)
      (16, 5)
      (13, 6)
      (13, 18)
      (11, 18)
      (7, 11)
      (7, 8)
  > Frontier:
      (13, 7)
      (8, 3)
      (4, 21)
      (5, 17)
  > Extracted node:
      (5, 17)
  > Node expands to:
      (5, 18)
      (5, 16)
[70]
  > Explored nodes:
      (7, 17)
      (10, 6)
      (9, 8)
      (8, 6)
      (10, 3)
      (5, 19)
      (11, 14)
      (11, 11)
      (16, 7)
      (7, 10)
      (12, 3)
      (7, 19)
      (12, 21)
      (12, 18)
      (9, 10)
      (11, 7)
      (5, 21)
      (13, 4)
      (11, 16)
      (11, 13)
      (16, 6)
      (13, 19)
      (7, 12)
      (7, 21)
      (7, 18)
      (9, 3)
      (11, 9)
      (8, 10)
      (11, 6)
      (5, 20)
      (16, 2)
      (13, 3)
      (11, 15)
      (13, 21)
      (7, 14)
      (6, 21)
      (7, 20)
      (9, 5)
      (11, 8)
      (13, 5)
      (16, 4)
      (16, 1)
      (11, 17)
      (7, 7)
      (13, 20)
      (7, 16)
      (7, 13)
      (14, 6)
      (5, 18)
      (9, 4)
      (9, 13)
      (11, 10)
      (16, 3)
      (7, 9)
      (7, 6)
      (7, 15)
      (9, 9)
      (9, 6)
      (11, 3)
      (5, 17)
      (11, 12)
      (8, 13)
      (15, 6)
      (16, 5)
      (13, 6)
      (13, 18)
      (11, 18)
      (7, 11)
      (7, 8)
  > Frontier:
      (13, 7)
      (8, 3)
      (4, 21)
      (5, 16)
  > Extracted node:
      (5, 16)
  > Node expands to:
      (5, 17)
      (5, 15)
[71]
  > Explored nodes:
      (7, 17)
      (10, 6)
      (9, 8)
      (8, 6)
      (10, 3)
      (5, 19)
      (11, 14)
      (11, 11)
      (16, 7)
      (7, 10)
      (12, 3)
      (7, 19)
      (12, 21)
      (12, 18)
      (9, 10)
      (11, 7)
      (5, 21)
      (13, 4)
      (11, 16)
      (11, 13)
      (16, 6)
      (13, 19)
      (7, 12)
      (7, 21)
      (7, 18)
      (9, 3)
      (11, 9)
      (8, 10)
      (11, 6)
      (5, 20)
      (16, 2)
      (13, 3)
      (11, 15)
      (13, 21)
      (7, 14)
      (6, 21)
      (7, 20)
      (9, 5)
      (5, 16)
      (11, 8)
      (13, 5)
      (16, 4)
      (16, 1)
      (11, 17)
      (7, 7)
      (13, 20)
      (7, 16)
      (7, 13)
      (14, 6)
      (5, 18)
      (9, 4)
      (9, 13)
      (11, 10)
      (16, 3)
      (7, 9)
      (7, 6)
      (7, 15)
      (9, 9)
      (9, 6)
      (11, 3)
      (5, 17)
      (11, 12)
      (8, 13)
      (15, 6)
      (16, 5)
      (13, 6)
      (13, 18)
      (11, 18)
      (7, 11)
      (7, 8)
  > Frontier:
      (13, 7)
      (8, 3)
      (4, 21)
      (5, 15)
  > Extracted node:
      (5, 15)
  > Node expands to:
      (5, 16)
      (5, 14)
[72]
  > Explored nodes:
      (7, 17)
      (10, 6)
      (9, 8)
      (8, 6)
      (10, 3)
      (5, 19)
      (11, 14)
      (11, 11)
      (16, 7)
      (7, 10)
      (12, 3)
      (7, 19)
      (12, 21)
      (12, 18)
      (9, 10)
      (11, 7)
      (5, 21)
      (13, 4)
      (11, 16)
      (11, 13)
      (16, 6)
      (13, 19)
      (7, 12)
      (7, 21)
      (7, 18)
      (9, 3)
      (11, 9)
      (8, 10)
      (11, 6)
      (5, 20)
      (16, 2)
      (13, 3)
      (11, 15)
      (13, 21)
      (7, 14)
      (6, 21)
      (7, 20)
      (9, 5)
      (5, 16)
      (11, 8)
      (13, 5)
      (16, 4)
      (16, 1)
      (11, 17)
      (7, 7)
      (13, 20)
      (7, 16)
      (7, 13)
      (14, 6)
      (5, 18)
      (9, 4)
      (5, 15)
      (9, 13)
      (11, 10)
      (16, 3)
      (7, 9)
      (7, 6)
      (7, 15)
      (9, 9)
      (9, 6)
      (11, 3)
      (5, 17)
      (11, 12)
      (8, 13)
      (15, 6)
      (16, 5)
      (13, 6)
      (13, 18)
      (11, 18)
      (7, 11)
      (7, 8)
  > Frontier:
      (13, 7)
      (8, 3)
      (4, 21)
      (5, 14)
  > Extracted node:
      (5, 14)
  > Node expands to:
      (5, 15)
      (5, 13)
[73]
  > Explored nodes:
      (7, 17)
      (10, 6)
      (9, 8)
      (8, 6)
      (10, 3)
      (5, 19)
      (11, 14)
      (11, 11)
      (16, 7)
      (7, 10)
      (12, 3)
      (7, 19)
      (12, 21)
      (12, 18)
      (9, 10)
      (11, 7)
      (5, 21)
      (13, 4)
      (11, 16)
      (11, 13)
      (16, 6)
      (13, 19)
      (7, 12)
      (7, 21)
      (7, 18)
      (9, 3)
      (5, 14)
      (11, 9)
      (8, 10)
      (11, 6)
      (5, 20)
      (16, 2)
      (13, 3)
      (11, 15)
      (13, 21)
      (7, 14)
      (6, 21)
      (7, 20)
      (9, 5)
      (5, 16)
      (11, 8)
      (13, 5)
      (16, 4)
      (16, 1)
      (11, 17)
      (7, 7)
      (13, 20)
      (7, 16)
      (7, 13)
      (14, 6)
      (5, 18)
      (9, 4)
      (5, 15)
      (9, 13)
      (11, 10)
      (16, 3)
      (7, 9)
      (7, 6)
      (7, 15)
      (9, 9)
      (9, 6)
      (11, 3)
      (5, 17)
      (11, 12)
      (8, 13)
      (15, 6)
      (16, 5)
      (13, 6)
      (13, 18)
      (11, 18)
      (7, 11)
      (7, 8)
  > Frontier:
      (13, 7)
      (8, 3)
      (4, 21)
      (5, 13)
  > Extracted node:
      (5, 13)
  > Node expands to:
      (5, 14)
      (5, 12)
[74]
  > Explored nodes:
      (7, 17)
      (5, 13)
      (10, 6)
      (9, 8)
      (8, 6)
      (10, 3)
      (5, 19)
      (11, 14)
      (11, 11)
      (16, 7)
      (7, 10)
      (12, 3)
      (7, 19)
      (12, 21)
      (12, 18)
      (9, 10)
      (11, 7)
      (5, 21)
      (13, 4)
      (11, 16)
      (11, 13)
      (16, 6)
      (13, 19)
      (7, 12)
      (7, 21)
      (7, 18)
      (9, 3)
      (5, 14)
      (11, 9)
      (8, 10)
      (11, 6)
      (5, 20)
      (16, 2)
      (13, 3)
      (11, 15)
      (13, 21)
      (7, 14)
      (6, 21)
      (7, 20)
      (9, 5)
      (5, 16)
      (11, 8)
      (13, 5)
      (16, 4)
      (16, 1)
      (11, 17)
      (7, 7)
      (13, 20)
      (7, 16)
      (7, 13)
      (14, 6)
      (5, 18)
      (9, 4)
      (5, 15)
      (9, 13)
      (11, 10)
      (16, 3)
      (7, 9)
      (7, 6)
      (7, 15)
      (9, 9)
      (9, 6)
      (11, 3)
      (5, 17)
      (11, 12)
      (8, 13)
      (15, 6)
      (16, 5)
      (13, 6)
      (13, 18)
      (11, 18)
      (7, 11)
      (7, 8)
  > Frontier:
      (13, 7)
      (8, 3)
      (4, 21)
      (5, 12)
  > Extracted node:
      (5, 12)
  > Node expands to:
      (5, 13)
      (5, 11)
[75]
  > Explored nodes:
      (7, 17)
      (5, 13)
      (10, 6)
      (9, 8)
      (8, 6)
      (10, 3)
      (5, 19)
      (11, 14)
      (11, 11)
      (16, 7)
      (7, 10)
      (12, 3)
      (7, 19)
      (12, 21)
      (12, 18)
      (5, 12)
      (9, 10)
      (11, 7)
      (5, 21)
      (13, 4)
      (11, 16)
      (11, 13)
      (16, 6)
      (13, 19)
      (7, 12)
      (7, 21)
      (7, 18)
      (9, 3)
      (5, 14)
      (11, 9)
      (8, 10)
      (11, 6)
      (5, 20)
      (16, 2)
      (13, 3)
      (11, 15)
      (13, 21)
      (7, 14)
      (6, 21)
      (7, 20)
      (9, 5)
      (5, 16)
      (11, 8)
      (13, 5)
      (16, 4)
      (16, 1)
      (11, 17)
      (7, 7)
      (13, 20)
      (7, 16)
      (7, 13)
      (14, 6)
      (5, 18)
      (9, 4)
      (5, 15)
      (9, 13)
      (11, 10)
      (16, 3)
      (7, 9)
      (7, 6)
      (7, 15)
      (9, 9)
      (9, 6)
      (11, 3)
      (5, 17)
      (11, 12)
      (8, 13)
      (15, 6)
      (16, 5)
      (13, 6)
      (13, 18)
      (11, 18)
      (7, 11)
      (7, 8)
  > Frontier:
      (13, 7)
      (8, 3)
      (4, 21)
      (5, 11)
  > Extracted node:
      (5, 11)
  > Node expands to:
      (5, 12)
      (5, 10)
[76]
  > Explored nodes:
      (7, 17)
      (5, 13)
      (10, 6)
      (9, 8)
      (8, 6)
      (10, 3)
      (5, 19)
      (11, 14)
      (11, 11)
      (16, 7)
      (7, 10)
      (12, 3)
      (7, 19)
      (12, 21)
      (12, 18)
      (5, 12)
      (9, 10)
      (11, 7)
      (5, 21)
      (13, 4)
      (11, 16)
      (11, 13)
      (16, 6)
      (13, 19)
      (7, 12)
      (7, 21)
      (7, 18)
      (9, 3)
      (5, 14)
      (11, 9)
      (8, 10)
      (11, 6)
      (5, 20)
      (16, 2)
      (13, 3)
      (11, 15)
      (13, 21)
      (7, 14)
      (6, 21)
      (7, 20)
      (9, 5)
      (5, 16)
      (11, 8)
      (13, 5)
      (16, 4)
      (16, 1)
      (11, 17)
      (7, 7)
      (13, 20)
      (7, 16)
      (7, 13)
      (14, 6)
      (5, 18)
      (9, 4)
      (5, 15)
      (9, 13)
      (11, 10)
      (16, 3)
      (7, 9)
      (7, 6)
      (7, 15)
      (5, 11)
      (9, 9)
      (9, 6)
      (11, 3)
      (5, 17)
      (11, 12)
      (8, 13)
      (15, 6)
      (16, 5)
      (13, 6)
      (13, 18)
      (11, 18)
      (7, 11)
      (7, 8)
  > Frontier:
      (13, 7)
      (8, 3)
      (4, 21)
      (5, 10)
  > Extracted node:
      (5, 10)
  > Node expands to:
      (5, 11)
      (5, 9)
[77]
  > Explored nodes:
      (7, 17)
      (5, 13)
      (5, 10)
      (10, 6)
      (9, 8)
      (8, 6)
      (10, 3)
      (5, 19)
      (11, 14)
      (11, 11)
      (16, 7)
      (7, 10)
      (12, 3)
      (7, 19)
      (12, 21)
      (12, 18)
      (5, 12)
      (9, 10)
      (11, 7)
      (5, 21)
      (13, 4)
      (11, 16)
      (11, 13)
      (16, 6)
      (13, 19)
      (7, 12)
      (7, 21)
      (7, 18)
      (9, 3)
      (5, 14)
      (11, 9)
      (8, 10)
      (11, 6)
      (5, 20)
      (16, 2)
      (13, 3)
      (11, 15)
      (13, 21)
      (7, 14)
      (6, 21)
      (7, 20)
      (9, 5)
      (5, 16)
      (11, 8)
      (13, 5)
      (16, 4)
      (16, 1)
      (11, 17)
      (7, 7)
      (13, 20)
      (7, 16)
      (7, 13)
      (14, 6)
      (5, 18)
      (9, 4)
      (5, 15)
      (9, 13)
      (11, 10)
      (16, 3)
      (7, 9)
      (7, 6)
      (7, 15)
      (5, 11)
      (9, 9)
      (9, 6)
      (11, 3)
      (5, 17)
      (11, 12)
      (8, 13)
      (15, 6)
      (16, 5)
      (13, 6)
      (13, 18)
      (11, 18)
      (7, 11)
      (7, 8)
  > Frontier:
      (13, 7)
      (8, 3)
      (4, 21)
      (5, 9)
  > Extracted node:
      (5, 9)
  > Node expands to:
      (5, 10)
      (5, 8)
[78]
  > Explored nodes:
      (7, 17)
      (5, 13)
      (5, 10)
      (10, 6)
      (9, 8)
      (8, 6)
      (5, 19)
      (10, 3)
      (11, 14)
      (11, 11)
      (16, 7)
      (7, 10)
      (7, 19)
      (12, 3)
      (12, 21)
      (12, 18)
      (5, 12)
      (9, 10)
      (11, 7)
      (5, 21)
      (13, 4)
      (11, 16)
      (11, 13)
      (16, 6)
      (13, 19)
      (7, 12)
      (7, 21)
      (7, 18)
      (9, 3)
      (5, 14)
      (11, 9)
      (8, 10)
      (11, 6)
      (5, 20)
      (13, 3)
      (16, 2)
      (11, 15)
      (13, 21)
      (7, 14)
      (6, 21)
      (7, 20)
      (9, 5)
      (5, 16)
      (11, 8)
      (13, 5)
      (16, 4)
      (16, 1)
      (11, 17)
      (7, 7)
      (13, 20)
      (7, 16)
      (7, 13)
      (14, 6)
      (5, 9)
      (5, 18)
      (9, 4)
      (5, 15)
      (9, 13)
      (11, 10)
      (16, 3)
      (7, 9)
      (7, 6)
      (7, 15)
      (5, 11)
      (9, 9)
      (9, 6)
      (11, 3)
      (5, 17)
      (8, 13)
      (11, 12)
      (15, 6)
      (16, 5)
      (13, 6)
      (13, 18)
      (11, 18)
      (7, 11)
      (7, 8)
  > Frontier:
      (13, 7)
      (8, 3)
      (4, 21)
      (5, 8)
  > Extracted node:
      (5, 8)
  > Node expands to:
      (5, 9)
      (5, 7)
[79]
  > Explored nodes:
      (7, 17)
      (5, 13)
      (5, 10)
      (10, 6)
      (9, 8)
      (8, 6)
      (5, 19)
      (10, 3)
      (11, 14)
      (11, 11)
      (16, 7)
      (7, 10)
      (7, 19)
      (12, 3)
      (12, 21)
      (12, 18)
      (5, 12)
      (9, 10)
      (11, 7)
      (5, 21)
      (13, 4)
      (11, 16)
      (11, 13)
      (16, 6)
      (13, 19)
      (7, 12)
      (7, 21)
      (7, 18)
      (9, 3)
      (5, 14)
      (11, 9)
      (8, 10)
      (11, 6)
      (5, 20)
      (13, 3)
      (16, 2)
      (11, 15)
      (13, 21)
      (7, 14)
      (6, 21)
      (7, 20)
      (9, 5)
      (5, 16)
      (11, 8)
      (13, 5)
      (16, 4)
      (16, 1)
      (11, 17)
      (7, 7)
      (13, 20)
      (7, 16)
      (7, 13)
      (14, 6)
      (5, 9)
      (5, 18)
      (9, 4)
      (5, 15)
      (9, 13)
      (11, 10)
      (16, 3)
      (7, 9)
      (7, 6)
      (7, 15)
      (5, 11)
      (9, 9)
      (5, 8)
      (9, 6)
      (11, 3)
      (5, 17)
      (8, 13)
      (11, 12)
      (15, 6)
      (16, 5)
      (13, 6)
      (13, 18)
      (11, 18)
      (7, 11)
      (7, 8)
  > Frontier:
      (13, 7)
      (8, 3)
      (4, 21)
      (5, 7)
  > Extracted node:
      (5, 7)
  > Node expands to:
      (5, 8)
      (5, 6)
[80]
  > Explored nodes:
      (7, 17)
      (5, 13)
      (5, 10)
      (10, 6)
      (9, 8)
      (8, 6)
      (5, 19)
      (10, 3)
      (11, 14)
      (11, 11)
      (16, 7)
      (7, 10)
      (7, 19)
      (12, 3)
      (12, 21)
      (12, 18)
      (5, 12)
      (9, 10)
      (11, 7)
      (5, 21)
      (13, 4)
      (11, 16)
      (11, 13)
      (16, 6)
      (13, 19)
      (7, 12)
      (7, 21)
      (7, 18)
      (9, 3)
      (5, 14)
      (11, 9)
      (8, 10)
      (11, 6)
      (5, 20)
      (13, 3)
      (16, 2)
      (11, 15)
      (13, 21)
      (7, 14)
      (6, 21)
      (7, 20)
      (5, 7)
      (9, 5)
      (5, 16)
      (11, 8)
      (13, 5)
      (16, 4)
      (16, 1)
      (11, 17)
      (7, 7)
      (13, 20)
      (7, 16)
      (7, 13)
      (14, 6)
      (5, 9)
      (5, 18)
      (9, 4)
      (5, 15)
      (9, 13)
      (11, 10)
      (16, 3)
      (7, 9)
      (7, 6)
      (7, 15)
      (5, 11)
      (9, 9)
      (5, 8)
      (9, 6)
      (11, 3)
      (5, 17)
      (8, 13)
      (11, 12)
      (15, 6)
      (16, 5)
      (13, 6)
      (13, 18)
      (11, 18)
      (7, 11)
      (7, 8)
  > Frontier:
      (13, 7)
      (8, 3)
      (4, 21)
      (5, 6)
  > Extracted node:
      (5, 6)
  > Node expands to:
      (5, 7)
      (5, 5)
[81]
  > Explored nodes:
      (7, 17)
      (5, 13)
      (5, 10)
      (10, 6)
      (9, 8)
      (8, 6)
      (5, 19)
      (10, 3)
      (11, 14)
      (11, 11)
      (16, 7)
      (7, 10)
      (7, 19)
      (12, 3)
      (5, 6)
      (12, 21)
      (12, 18)
      (5, 12)
      (9, 10)
      (11, 7)
      (5, 21)
      (13, 4)
      (11, 16)
      (11, 13)
      (16, 6)
      (13, 19)
      (7, 12)
      (7, 21)
      (7, 18)
      (9, 3)
      (5, 14)
      (11, 9)
      (8, 10)
      (11, 6)
      (5, 20)
      (13, 3)
      (16, 2)
      (11, 15)
      (13, 21)
      (7, 14)
      (6, 21)
      (7, 20)
      (5, 7)
      (9, 5)
      (5, 16)
      (11, 8)
      (13, 5)
      (16, 4)
      (16, 1)
      (11, 17)
      (7, 7)
      (13, 20)
      (7, 16)
      (7, 13)
      (14, 6)
      (5, 9)
      (5, 18)
      (9, 4)
      (5, 15)
      (9, 13)
      (11, 10)
      (16, 3)
      (7, 9)
      (7, 6)
      (7, 15)
      (5, 11)
      (9, 9)
      (5, 8)
      (9, 6)
      (11, 3)
      (5, 17)
      (8, 13)
      (11, 12)
      (15, 6)
      (16, 5)
      (13, 6)
      (13, 18)
      (11, 18)
      (7, 11)
      (7, 8)
  > Frontier:
      (13, 7)
      (8, 3)
      (4, 21)
      (5, 5)
  > Extracted node:
      (5, 5)
  > Node expands to:
      (5, 6)
      (5, 4)
[82]
  > Explored nodes:
      (7, 17)
      (5, 13)
      (5, 10)
      (10, 6)
      (9, 8)
      (8, 6)
      (5, 19)
      (10, 3)
      (11, 14)
      (11, 11)
      (16, 7)
      (7, 10)
      (7, 19)
      (12, 3)
      (5, 6)
      (12, 21)
      (12, 18)
      (5, 12)
      (9, 10)
      (11, 7)
      (5, 21)
      (13, 4)
      (11, 16)
      (11, 13)
      (16, 6)
      (13, 19)
      (7, 12)
      (7, 21)
      (7, 18)
      (5, 5)
      (9, 3)
      (5, 14)
      (11, 9)
      (8, 10)
      (11, 6)
      (5, 20)
      (13, 3)
      (16, 2)
      (11, 15)
      (13, 21)
      (7, 14)
      (6, 21)
      (7, 20)
      (5, 7)
      (9, 5)
      (5, 16)
      (11, 8)
      (13, 5)
      (16, 4)
      (16, 1)
      (11, 17)
      (7, 7)
      (13, 20)
      (7, 16)
      (7, 13)
      (14, 6)
      (5, 9)
      (5, 18)
      (9, 4)
      (5, 15)
      (9, 13)
      (11, 10)
      (16, 3)
      (7, 9)
      (7, 6)
      (7, 15)
      (5, 11)
      (9, 9)
      (5, 8)
      (9, 6)
      (11, 3)
      (5, 17)
      (8, 13)
      (11, 12)
      (15, 6)
      (16, 5)
      (13, 6)
      (13, 18)
      (11, 18)
      (7, 11)
      (7, 8)
  > Frontier:
      (13, 7)
      (8, 3)
      (4, 21)
      (5, 4)
  > Extracted node:
      (5, 4)
  > Node expands to:
      (5, 5)
      (5, 3)
[83]
  > Explored nodes:
      (7, 17)
      (5, 4)
      (5, 13)
      (5, 10)
      (10, 6)
      (9, 8)
      (8, 6)
      (5, 19)
      (10, 3)
      (11, 14)
      (11, 11)
      (16, 7)
      (7, 10)
      (7, 19)
      (12, 3)
      (5, 6)
      (12, 21)
      (12, 18)
      (5, 12)
      (9, 10)
      (11, 7)
      (5, 21)
      (13, 4)
      (11, 16)
      (11, 13)
      (16, 6)
      (13, 19)
      (7, 12)
      (7, 21)
      (7, 18)
      (5, 5)
      (9, 3)
      (5, 14)
      (11, 9)
      (8, 10)
      (11, 6)
      (5, 20)
      (13, 3)
      (16, 2)
      (11, 15)
      (13, 21)
      (7, 14)
      (6, 21)
      (7, 20)
      (5, 7)
      (9, 5)
      (5, 16)
      (11, 8)
      (13, 5)
      (16, 4)
      (16, 1)
      (11, 17)
      (7, 7)
      (13, 20)
      (7, 16)
      (7, 13)
      (14, 6)
      (5, 9)
      (5, 18)
      (9, 4)
      (5, 15)
      (9, 13)
      (11, 10)
      (16, 3)
      (7, 9)
      (7, 6)
      (7, 15)
      (5, 11)
      (9, 9)
      (5, 8)
      (9, 6)
      (11, 3)
      (5, 17)
      (8, 13)
      (11, 12)
      (15, 6)
      (16, 5)
      (13, 6)
      (13, 18)
      (11, 18)
      (7, 11)
      (7, 8)
  > Frontier:
      (13, 7)
      (8, 3)
      (4, 21)
      (5, 3)
  > Extracted node:
      (5, 3)
  > Node expands to:
      (5, 4)
      (5, 2)
[84]
  > Explored nodes:
      (7, 17)
      (5, 4)
      (5, 13)
      (5, 10)
      (10, 6)
      (9, 8)
      (8, 6)
      (5, 19)
      (10, 3)
      (11, 14)
      (11, 11)
      (16, 7)
      (7, 10)
      (7, 19)
      (12, 3)
      (5, 6)
      (5, 3)
      (12, 21)
      (12, 18)
      (5, 12)
      (9, 10)
      (11, 7)
      (5, 21)
      (13, 4)
      (11, 16)
      (11, 13)
      (16, 6)
      (13, 19)
      (7, 12)
      (7, 21)
      (7, 18)
      (5, 5)
      (9, 3)
      (5, 14)
      (11, 9)
      (8, 10)
      (11, 6)
      (5, 20)
      (13, 3)
      (16, 2)
      (11, 15)
      (13, 21)
      (7, 14)
      (6, 21)
      (7, 20)
      (5, 7)
      (9, 5)
      (5, 16)
      (11, 8)
      (13, 5)
      (16, 4)
      (16, 1)
      (11, 17)
      (7, 7)
      (13, 20)
      (7, 16)
      (7, 13)
      (14, 6)
      (5, 9)
      (5, 18)
      (9, 4)
      (5, 15)
      (9, 13)
      (11, 10)
      (16, 3)
      (7, 9)
      (7, 6)
      (7, 15)
      (5, 11)
      (9, 9)
      (5, 8)
      (9, 6)
      (11, 3)
      (5, 17)
      (8, 13)
      (11, 12)
      (15, 6)
      (16, 5)
      (13, 6)
      (13, 18)
      (11, 18)
      (7, 11)
      (7, 8)
  > Frontier:
      (13, 7)
      (8, 3)
      (4, 21)
      (5, 2)
  > Extracted node:
      (5, 2)
  > Node expands to:
      (5, 3)
      (5, 1)
[85]
  > Explored nodes:
      (7, 17)
      (5, 4)
      (5, 13)
      (5, 10)
      (10, 6)
      (9, 8)
      (8, 6)
      (5, 19)
      (10, 3)
      (11, 14)
      (11, 11)
      (16, 7)
      (7, 10)
      (7, 19)
      (12, 3)
      (5, 6)
      (5, 3)
      (12, 21)
      (12, 18)
      (5, 12)
      (9, 10)
      (11, 7)
      (5, 21)
      (13, 4)
      (11, 16)
      (11, 13)
      (16, 6)
      (13, 19)
      (7, 12)
      (7, 21)
      (7, 18)
      (5, 5)
      (9, 3)
      (5, 14)
      (11, 9)
      (8, 10)
      (11, 6)
      (5, 20)
      (13, 3)
      (16, 2)
      (11, 15)
      (13, 21)
      (7, 14)
      (6, 21)
      (7, 20)
      (5, 7)
      (9, 5)
      (5, 16)
      (11, 8)
      (13, 5)
      (16, 4)
      (16, 1)
      (11, 17)
      (7, 7)
      (13, 20)
      (7, 16)
      (7, 13)
      (14, 6)
      (5, 9)
      (5, 18)
      (9, 4)
      (5, 15)
      (9, 13)
      (11, 10)
      (16, 3)
      (7, 9)
      (7, 6)
      (7, 15)
      (5, 2)
      (5, 11)
      (9, 9)
      (5, 8)
      (9, 6)
      (11, 3)
      (5, 17)
      (8, 13)
      (11, 12)
      (15, 6)
      (16, 5)
      (13, 6)
      (13, 18)
      (11, 18)
      (7, 11)
      (7, 8)
  > Frontier:
      (13, 7)
      (8, 3)
      (4, 21)
      (5, 1)
  > Extracted node:
      (5, 1)
  > Node expands to:
      (4, 1)
      (5, 2)
[86]
  > Explored nodes:
      (7, 17)
      (5, 4)
      (5, 1)
      (5, 13)
      (5, 10)
      (10, 6)
      (9, 8)
      (8, 6)
      (5, 19)
      (10, 3)
      (11, 14)
      (11, 11)
      (16, 7)
      (7, 10)
      (7, 19)
      (12, 3)
      (5, 6)
      (5, 3)
      (12, 21)
      (12, 18)
      (5, 12)
      (9, 10)
      (11, 7)
      (5, 21)
      (13, 4)
      (11, 16)
      (11, 13)
      (16, 6)
      (13, 19)
      (7, 12)
      (7, 21)
      (7, 18)
      (5, 5)
      (9, 3)
      (5, 14)
      (11, 9)
      (8, 10)
      (11, 6)
      (5, 20)
      (13, 3)
      (16, 2)
      (11, 15)
      (13, 21)
      (7, 14)
      (6, 21)
      (7, 20)
      (5, 7)
      (9, 5)
      (5, 16)
      (11, 8)
      (13, 5)
      (16, 4)
      (16, 1)
      (11, 17)
      (7, 7)
      (13, 20)
      (7, 16)
      (7, 13)
      (14, 6)
      (5, 9)
      (5, 18)
      (9, 4)
      (5, 15)
      (9, 13)
      (11, 10)
      (16, 3)
      (7, 9)
      (7, 6)
      (7, 15)
      (5, 2)
      (5, 11)
      (9, 9)
      (5, 8)
      (9, 6)
      (11, 3)
      (5, 17)
      (8, 13)
      (11, 12)
      (15, 6)
      (16, 5)
      (13, 6)
      (13, 18)
      (11, 18)
      (7, 11)
      (7, 8)
  > Frontier:
      (13, 7)
      (8, 3)
      (4, 21)
      (4, 1)
  > Extracted node:
      (4, 1)
  > Node expands to:
      (3, 1)
      (5, 1)
[87]
  > Explored nodes:
      (7, 17)
      (5, 4)
      (5, 1)
      (5, 13)
      (5, 10)
      (10, 6)
      (9, 8)
      (8, 6)
      (5, 19)
      (10, 3)
      (11, 14)
      (11, 11)
      (16, 7)
      (7, 10)
      (7, 19)
      (12, 3)
      (5, 6)
      (5, 3)
      (12, 21)
      (12, 18)
      (5, 12)
      (9, 10)
      (11, 7)
      (5, 21)
      (13, 4)
      (11, 16)
      (11, 13)
      (16, 6)
      (13, 19)
      (7, 12)
      (7, 21)
      (7, 18)
      (4, 1)
      (5, 5)
      (9, 3)
      (5, 14)
      (11, 9)
      (8, 10)
      (11, 6)
      (5, 20)
      (13, 3)
      (16, 2)
      (11, 15)
      (13, 21)
      (7, 14)
      (6, 21)
      (7, 20)
      (5, 7)
      (9, 5)
      (5, 16)
      (11, 8)
      (13, 5)
      (16, 4)
      (16, 1)
      (11, 17)
      (7, 7)
      (13, 20)
      (7, 16)
      (7, 13)
      (14, 6)
      (5, 9)
      (5, 18)
      (9, 4)
      (5, 15)
      (9, 13)
      (11, 10)
      (16, 3)
      (7, 9)
      (7, 6)
      (7, 15)
      (5, 2)
      (5, 11)
      (9, 9)
      (5, 8)
      (9, 6)
      (11, 3)
      (5, 17)
      (8, 13)
      (11, 12)
      (15, 6)
      (16, 5)
      (13, 6)
      (13, 18)
      (11, 18)
      (7, 11)
      (7, 8)
  > Frontier:
      (13, 7)
      (8, 3)
      (4, 21)
      (3, 1)
  > Extracted node:
      (3, 1)
  > Node expands to:
      (2, 1)
      (4, 1)
[88]
  > Explored nodes:
      (7, 17)
      (5, 4)
      (5, 1)
      (5, 13)
      (5, 10)
      (10, 6)
      (9, 8)
      (8, 6)
      (5, 19)
      (10, 3)
      (11, 14)
      (11, 11)
      (16, 7)
      (7, 10)
      (7, 19)
      (12, 3)
      (5, 6)
      (5, 3)
      (12, 21)
      (12, 18)
      (5, 12)
      (9, 10)
      (11, 7)
      (5, 21)
      (13, 4)
      (11, 16)
      (11, 13)
      (16, 6)
      (13, 19)
      (7, 12)
      (7, 21)
      (7, 18)
      (4, 1)
      (5, 5)
      (9, 3)
      (5, 14)
      (11, 9)
      (8, 10)
      (11, 6)
      (5, 20)
      (13, 3)
      (16, 2)
      (11, 15)
      (13, 21)
      (7, 14)
      (6, 21)
      (7, 20)
      (3, 1)
      (5, 7)
      (9, 5)
      (5, 16)
      (11, 8)
      (13, 5)
      (16, 4)
      (16, 1)
      (11, 17)
      (7, 7)
      (13, 20)
      (7, 16)
      (7, 13)
      (14, 6)
      (5, 9)
      (5, 18)
      (9, 4)
      (5, 15)
      (9, 13)
      (11, 10)
      (16, 3)
      (7, 9)
      (7, 6)
      (7, 15)
      (5, 2)
      (5, 11)
      (9, 9)
      (5, 8)
      (9, 6)
      (11, 3)
      (5, 17)
      (8, 13)
      (11, 12)
      (15, 6)
      (16, 5)
      (13, 6)
      (13, 18)
      (11, 18)
      (7, 11)
      (7, 8)
  > Frontier:
      (13, 7)
      (8, 3)
      (4, 21)
      (2, 1)
  > Extracted node:
      (2, 1)
  > Node expands to:
      (1, 1)
      (3, 1)
[89]
  > Explored nodes:
      (7, 17)
      (5, 4)
      (5, 1)
      (5, 13)
      (5, 10)
      (10, 6)
      (9, 8)
      (8, 6)
      (5, 19)
      (10, 3)
      (11, 14)
      (11, 11)
      (16, 7)
      (7, 10)
      (7, 19)
      (12, 3)
      (5, 6)
      (5, 3)
      (12, 21)
      (12, 18)
      (5, 12)
      (9, 10)
      (11, 7)
      (5, 21)
      (13, 4)
      (2, 1)
      (11, 16)
      (11, 13)
      (16, 6)
      (13, 19)
      (7, 12)
      (7, 21)
      (7, 18)
      (4, 1)
      (5, 5)
      (9, 3)
      (5, 14)
      (11, 9)
      (8, 10)
      (11, 6)
      (5, 20)
      (13, 3)
      (16, 2)
      (11, 15)
      (13, 21)
      (7, 14)
      (6, 21)
      (7, 20)
      (3, 1)
      (5, 7)
      (9, 5)
      (5, 16)
      (11, 8)
      (13, 5)
      (16, 4)
      (16, 1)
      (11, 17)
      (7, 7)
      (13, 20)
      (7, 16)
      (7, 13)
      (14, 6)
      (5, 9)
      (5, 18)
      (9, 4)
      (5, 15)
      (9, 13)
      (11, 10)
      (16, 3)
      (7, 9)
      (7, 6)
      (7, 15)
      (5, 2)
      (5, 11)
      (9, 9)
      (5, 8)
      (9, 6)
      (11, 3)
      (5, 17)
      (8, 13)
      (11, 12)
      (15, 6)
      (16, 5)
      (13, 6)
      (13, 18)
      (11, 18)
      (7, 11)
      (7, 8)
  > Frontier:
      (13, 7)
      (8, 3)
      (4, 21)
      (1, 1)
  > Extracted node:
      (1, 1)
  > Node expands to:
      (1, 2)
      (2, 1)
[90]
  > Explored nodes:
      (7, 17)
      (5, 4)
      (5, 1)
      (5, 13)
      (5, 10)
      (10, 6)
      (9, 8)
      (8, 6)
      (5, 19)
      (10, 3)
      (11, 14)
      (11, 11)
      (16, 7)
      (7, 10)
      (7, 19)
      (12, 3)
      (5, 6)
      (5, 3)
      (12, 21)
      (12, 18)
      (5, 12)
      (9, 10)
      (11, 7)
      (5, 21)
      (13, 4)
      (2, 1)
      (11, 16)
      (11, 13)
      (16, 6)
      (13, 19)
      (7, 12)
      (7, 21)
      (7, 18)
      (4, 1)
      (5, 5)
      (9, 3)
      (5, 14)
      (11, 9)
      (8, 10)
      (11, 6)
      (5, 20)
      (13, 3)
      (16, 2)
      (11, 15)
      (13, 21)
      (7, 14)
      (6, 21)
      (7, 20)
      (3, 1)
      (5, 7)
      (9, 5)
      (5, 16)
      (11, 8)
      (13, 5)
      (16, 4)
      (16, 1)
      (11, 17)
      (7, 7)
      (13, 20)
      (7, 16)
      (7, 13)
      (14, 6)
      (5, 9)
      (5, 18)
      (9, 4)
      (5, 15)
      (9, 13)
      (11, 10)
      (16, 3)
      (7, 9)
      (7, 6)
      (7, 15)
      (5, 2)
      (5, 11)
      (9, 9)
      (5, 8)
      (9, 6)
      (11, 3)
      (5, 17)
      (1, 1)
      (8, 13)
      (11, 12)
      (15, 6)
      (16, 5)
      (13, 6)
      (13, 18)
      (11, 18)
      (7, 11)
      (7, 8)
  > Frontier:
      (13, 7)
      (8, 3)
      (4, 21)
      (1, 2)
  > Extracted node:
      (1, 2)
  > Node expands to:
      (1, 3)
      (1, 1)
[91]
  > Explored nodes:
      (7, 17)
      (5, 4)
      (5, 1)
      (5, 13)
      (5, 10)
      (10, 6)
      (9, 8)
      (8, 6)
      (5, 19)
      (10, 3)
      (11, 14)
      (11, 11)
      (16, 7)
      (7, 10)
      (7, 19)
      (12, 3)
      (5, 6)
      (5, 3)
      (12, 21)
      (12, 18)
      (5, 12)
      (9, 10)
      (11, 7)
      (5, 21)
      (13, 4)
      (1, 2)
      (2, 1)
      (11, 16)
      (11, 13)
      (16, 6)
      (13, 19)
      (7, 12)
      (7, 21)
      (7, 18)
      (4, 1)
      (5, 5)
      (9, 3)
      (5, 14)
      (11, 9)
      (8, 10)
      (11, 6)
      (5, 20)
      (13, 3)
      (16, 2)
      (11, 15)
      (13, 21)
      (7, 14)
      (6, 21)
      (7, 20)
      (3, 1)
      (5, 7)
      (9, 5)
      (5, 16)
      (11, 8)
      (13, 5)
      (16, 4)
      (16, 1)
      (11, 17)
      (7, 7)
      (13, 20)
      (7, 16)
      (7, 13)
      (14, 6)
      (5, 9)
      (5, 18)
      (9, 4)
      (5, 15)
      (9, 13)
      (11, 10)
      (16, 3)
      (7, 9)
      (7, 6)
      (7, 15)
      (5, 2)
      (5, 11)
      (9, 9)
      (5, 8)
      (9, 6)
      (11, 3)
      (5, 17)
      (1, 1)
      (8, 13)
      (11, 12)
      (15, 6)
      (16, 5)
      (13, 6)
      (13, 18)
      (11, 18)
      (7, 11)
      (7, 8)
  > Frontier:
      (13, 7)
      (8, 3)
      (4, 21)
      (1, 3)
  > Extracted node:
      (1, 3)
  > Node expands to:
      (1, 4)
      (1, 2)
[92]
  > Explored nodes:
      (7, 17)
      (5, 4)
      (5, 1)
      (5, 13)
      (5, 10)
      (10, 6)
      (9, 8)
      (8, 6)
      (5, 19)
      (10, 3)
      (11, 14)
      (11, 11)
      (16, 7)
      (7, 10)
      (7, 19)
      (12, 3)
      (5, 6)
      (5, 3)
      (12, 21)
      (12, 18)
      (5, 12)
      (9, 10)
      (11, 7)
      (5, 21)
      (13, 4)
      (1, 2)
      (2, 1)
      (11, 16)
      (11, 13)
      (16, 6)
      (13, 19)
      (7, 12)
      (7, 21)
      (7, 18)
      (4, 1)
      (5, 5)
      (9, 3)
      (5, 14)
      (11, 9)
      (8, 10)
      (11, 6)
      (5, 20)
      (13, 3)
      (16, 2)
      (11, 15)
      (13, 21)
      (7, 14)
      (6, 21)
      (7, 20)
      (3, 1)
      (5, 7)
      (9, 5)
      (5, 16)
      (11, 8)
      (13, 5)
      (1, 3)
      (16, 4)
      (16, 1)
      (11, 17)
      (7, 7)
      (13, 20)
      (7, 16)
      (7, 13)
      (14, 6)
      (5, 9)
      (5, 18)
      (9, 4)
      (5, 15)
      (9, 13)
      (11, 10)
      (16, 3)
      (7, 9)
      (7, 6)
      (7, 15)
      (5, 2)
      (5, 11)
      (9, 9)
      (5, 8)
      (9, 6)
      (11, 3)
      (5, 17)
      (1, 1)
      (8, 13)
      (11, 12)
      (15, 6)
      (16, 5)
      (13, 6)
      (13, 18)
      (11, 18)
      (7, 11)
      (7, 8)
  > Frontier:
      (13, 7)
      (8, 3)
      (4, 21)
      (1, 4)
  > Extracted node:
      (1, 4)
  > Node expands to:
      (1, 5)
      (1, 3)
[93]
  > Explored nodes:
      (7, 17)
      (5, 4)
      (5, 1)
      (5, 13)
      (5, 10)
      (10, 6)
      (9, 8)
      (8, 6)
      (5, 19)
      (10, 3)
      (11, 14)
      (11, 11)
      (16, 7)
      (7, 10)
      (7, 19)
      (12, 3)
      (5, 6)
      (5, 3)
      (12, 21)
      (12, 18)
      (5, 12)
      (9, 10)
      (11, 7)
      (5, 21)
      (13, 4)
      (1, 2)
      (2, 1)
      (11, 16)
      (11, 13)
      (16, 6)
      (13, 19)
      (7, 12)
      (7, 21)
      (7, 18)
      (4, 1)
      (5, 5)
      (9, 3)
      (5, 14)
      (11, 9)
      (8, 10)
      (1, 4)
      (11, 6)
      (5, 20)
      (13, 3)
      (16, 2)
      (11, 15)
      (13, 21)
      (7, 14)
      (6, 21)
      (7, 20)
      (3, 1)
      (5, 7)
      (9, 5)
      (5, 16)
      (11, 8)
      (13, 5)
      (1, 3)
      (16, 4)
      (16, 1)
      (11, 17)
      (7, 7)
      (13, 20)
      (7, 16)
      (7, 13)
      (14, 6)
      (5, 9)
      (5, 18)
      (9, 4)
      (5, 15)
      (9, 13)
      (11, 10)
      (16, 3)
      (7, 9)
      (7, 6)
      (7, 15)
      (5, 2)
      (5, 11)
      (9, 9)
      (5, 8)
      (9, 6)
      (11, 3)
      (5, 17)
      (1, 1)
      (8, 13)
      (11, 12)
      (15, 6)
      (16, 5)
      (13, 6)
      (13, 18)
      (11, 18)
      (7, 11)
      (7, 8)
  > Frontier:
      (13, 7)
      (8, 3)
      (4, 21)
      (1, 5)
  > Extracted node:
      (1, 5)
  > Node expands to:
      (1, 6)
      (1, 4)
[94]
  > Explored nodes:
      (7, 17)
      (5, 4)
      (5, 1)
      (5, 13)
      (5, 10)
      (10, 6)
      (9, 8)
      (8, 6)
      (5, 19)
      (10, 3)
      (11, 14)
      (11, 11)
      (16, 7)
      (7, 10)
      (7, 19)
      (12, 3)
      (5, 6)
      (5, 3)
      (12, 21)
      (12, 18)
      (5, 12)
      (9, 10)
      (11, 7)
      (5, 21)
      (13, 4)
      (1, 2)
      (2, 1)
      (11, 16)
      (11, 13)
      (16, 6)
      (13, 19)
      (7, 12)
      (7, 21)
      (7, 18)
      (4, 1)
      (5, 5)
      (9, 3)
      (5, 14)
      (11, 9)
      (8, 10)
      (1, 4)
      (11, 6)
      (5, 20)
      (13, 3)
      (16, 2)
      (11, 15)
      (13, 21)
      (7, 14)
      (6, 21)
      (7, 20)
      (3, 1)
      (5, 7)
      (9, 5)
      (5, 16)
      (11, 8)
      (13, 5)
      (1, 3)
      (16, 4)
      (16, 1)
      (11, 17)
      (7, 7)
      (13, 20)
      (7, 16)
      (7, 13)
      (14, 6)
      (5, 9)
      (5, 18)
      (9, 4)
      (5, 15)
      (9, 13)
      (11, 10)
      (1, 5)
      (16, 3)
      (7, 9)
      (7, 6)
      (7, 15)
      (5, 2)
      (5, 11)
      (9, 9)
      (5, 8)
      (9, 6)
      (11, 3)
      (5, 17)
      (1, 1)
      (8, 13)
      (11, 12)
      (15, 6)
      (16, 5)
      (13, 6)
      (13, 18)
      (11, 18)
      (7, 11)
      (7, 8)
  > Frontier:
      (13, 7)
      (8, 3)
      (4, 21)
      (1, 6)
  > Extracted node:
      (1, 6)
  > Node expands to:
      (1, 7)
      (1, 5)
[95]
  > Explored nodes:
      (7, 17)
      (5, 4)
      (5, 1)
      (5, 13)
      (5, 10)
      (10, 6)
      (9, 8)
      (8, 6)
      (5, 19)
      (10, 3)
      (11, 14)
      (11, 11)
      (16, 7)
      (7, 10)
      (7, 19)
      (12, 3)
      (5, 6)
      (5, 3)
      (12, 21)
      (12, 18)
      (5, 12)
      (9, 10)
      (11, 7)
      (5, 21)
      (13, 4)
      (1, 2)
      (2, 1)
      (11, 16)
      (11, 13)
      (16, 6)
      (13, 19)
      (7, 12)
      (7, 21)
      (7, 18)
      (4, 1)
      (5, 5)
      (9, 3)
      (5, 14)
      (11, 9)
      (8, 10)
      (1, 4)
      (11, 6)
      (5, 20)
      (13, 3)
      (16, 2)
      (11, 15)
      (13, 21)
      (7, 14)
      (6, 21)
      (7, 20)
      (3, 1)
      (5, 7)
      (9, 5)
      (5, 16)
      (1, 6)
      (11, 8)
      (13, 5)
      (1, 3)
      (16, 4)
      (16, 1)
      (11, 17)
      (7, 7)
      (13, 20)
      (7, 16)
      (7, 13)
      (14, 6)
      (5, 9)
      (5, 18)
      (9, 4)
      (5, 15)
      (9, 13)
      (11, 10)
      (1, 5)
      (16, 3)
      (7, 9)
      (7, 6)
      (7, 15)
      (5, 2)
      (5, 11)
      (9, 9)
      (5, 8)
      (9, 6)
      (11, 3)
      (5, 17)
      (1, 1)
      (8, 13)
      (11, 12)
      (15, 6)
      (16, 5)
      (13, 6)
      (13, 18)
      (11, 18)
      (7, 11)
      (7, 8)
  > Frontier:
      (13, 7)
      (8, 3)
      (4, 21)
      (1, 7)
  > Extracted node:
      (1, 7)
  > Node expands to:
      (1, 8)
      (1, 6)
[96]
  > Explored nodes:
      (7, 17)
      (5, 4)
      (5, 1)
      (5, 13)
      (5, 10)
      (10, 6)
      (9, 8)
      (8, 6)
      (5, 19)
      (10, 3)
      (11, 14)
      (11, 11)
      (16, 7)
      (7, 10)
      (7, 19)
      (12, 3)
      (5, 6)
      (5, 3)
      (12, 21)
      (12, 18)
      (5, 12)
      (9, 10)
      (11, 7)
      (5, 21)
      (13, 4)
      (1, 2)
      (2, 1)
      (11, 16)
      (11, 13)
      (16, 6)
      (13, 19)
      (7, 12)
      (7, 21)
      (7, 18)
      (4, 1)
      (5, 5)
      (9, 3)
      (5, 14)
      (11, 9)
      (8, 10)
      (1, 4)
      (11, 6)
      (5, 20)
      (13, 3)
      (16, 2)
      (11, 15)
      (13, 21)
      (7, 14)
      (6, 21)
      (7, 20)
      (3, 1)
      (5, 7)
      (9, 5)
      (5, 16)
      (1, 6)
      (11, 8)
      (13, 5)
      (1, 3)
      (16, 4)
      (16, 1)
      (11, 17)
      (7, 7)
      (13, 20)
      (7, 16)
      (7, 13)
      (14, 6)
      (5, 9)
      (5, 18)
      (9, 4)
      (5, 15)
      (9, 13)
      (11, 10)
      (1, 5)
      (16, 3)
      (7, 9)
      (7, 6)
      (7, 15)
      (5, 2)
      (5, 11)
      (9, 9)
      (5, 8)
      (9, 6)
      (11, 3)
      (5, 17)
      (1, 1)
      (8, 13)
      (11, 12)
      (1, 7)
      (15, 6)
      (16, 5)
      (13, 6)
      (13, 18)
      (11, 18)
      (7, 11)
      (7, 8)
  > Frontier:
      (13, 7)
      (8, 3)
      (4, 21)
      (1, 8)
  > Extracted node:
      (1, 8)
  > Node expands to:
      (1, 9)
      (1, 7)
[97]
  > Explored nodes:
      (7, 17)
      (5, 4)
      (5, 1)
      (5, 13)
      (5, 10)
      (10, 6)
      (9, 8)
      (8, 6)
      (5, 19)
      (10, 3)
      (11, 14)
      (11, 11)
      (16, 7)
      (7, 10)
      (7, 19)
      (12, 3)
      (5, 6)
      (5, 3)
      (12, 21)
      (12, 18)
      (5, 12)
      (9, 10)
      (11, 7)
      (5, 21)
      (13, 4)
      (1, 2)
      (2, 1)
      (11, 16)
      (11, 13)
      (1, 8)
      (16, 6)
      (13, 19)
      (7, 12)
      (7, 21)
      (7, 18)
      (4, 1)
      (5, 5)
      (9, 3)
      (5, 14)
      (11, 9)
      (8, 10)
      (1, 4)
      (11, 6)
      (5, 20)
      (13, 3)
      (16, 2)
      (11, 15)
      (13, 21)
      (7, 14)
      (6, 21)
      (7, 20)
      (3, 1)
      (5, 7)
      (9, 5)
      (5, 16)
      (1, 6)
      (11, 8)
      (13, 5)
      (1, 3)
      (16, 4)
      (16, 1)
      (11, 17)
      (7, 7)
      (13, 20)
      (7, 16)
      (7, 13)
      (14, 6)
      (5, 9)
      (5, 18)
      (9, 4)
      (5, 15)
      (9, 13)
      (11, 10)
      (1, 5)
      (16, 3)
      (7, 9)
      (7, 6)
      (7, 15)
      (5, 2)
      (5, 11)
      (9, 9)
      (5, 8)
      (9, 6)
      (11, 3)
      (5, 17)
      (1, 1)
      (8, 13)
      (11, 12)
      (1, 7)
      (15, 6)
      (16, 5)
      (13, 6)
      (13, 18)
      (11, 18)
      (7, 11)
      (7, 8)
  > Frontier:
      (13, 7)
      (8, 3)
      (4, 21)
      (1, 9)
  > Extracted node:
      (1, 9)
  > Node expands to:
      (1, 10)
      (1, 8)
[98]
  > Explored nodes:
      (7, 17)
      (5, 4)
      (5, 1)
      (5, 13)
      (5, 10)
      (10, 6)
      (9, 8)
      (8, 6)
      (5, 19)
      (10, 3)
      (11, 14)
      (1, 9)
      (11, 11)
      (16, 7)
      (7, 10)
      (7, 19)
      (12, 3)
      (5, 6)
      (5, 3)
      (12, 21)
      (12, 18)
      (5, 12)
      (9, 10)
      (11, 7)
      (5, 21)
      (13, 4)
      (1, 2)
      (2, 1)
      (11, 16)
      (11, 13)
      (1, 8)
      (16, 6)
      (13, 19)
      (7, 12)
      (7, 21)
      (7, 18)
      (4, 1)
      (5, 5)
      (9, 3)
      (5, 14)
      (11, 9)
      (8, 10)
      (1, 4)
      (11, 6)
      (5, 20)
      (13, 3)
      (16, 2)
      (11, 15)
      (13, 21)
      (7, 14)
      (6, 21)
      (7, 20)
      (3, 1)
      (5, 7)
      (9, 5)
      (5, 16)
      (1, 6)
      (11, 8)
      (13, 5)
      (1, 3)
      (16, 4)
      (16, 1)
      (11, 17)
      (7, 7)
      (13, 20)
      (7, 16)
      (7, 13)
      (14, 6)
      (5, 9)
      (5, 18)
      (9, 4)
      (5, 15)
      (9, 13)
      (11, 10)
      (1, 5)
      (16, 3)
      (7, 9)
      (7, 6)
      (7, 15)
      (5, 2)
      (5, 11)
      (9, 9)
      (5, 8)
      (9, 6)
      (11, 3)
      (5, 17)
      (1, 1)
      (8, 13)
      (11, 12)
      (1, 7)
      (15, 6)
      (16, 5)
      (13, 6)
      (13, 18)
      (11, 18)
      (7, 11)
      (7, 8)
  > Frontier:
      (13, 7)
      (8, 3)
      (4, 21)
      (1, 10)
  > Extracted node:
      (1, 10)
  > Node expands to:
      (1, 11)
      (1, 9)
[99]
  > Explored nodes:
      (7, 17)
      (5, 4)
      (5, 1)
      (5, 13)
      (5, 10)
      (10, 6)
      (9, 8)
      (8, 6)
      (5, 19)
      (10, 3)
      (11, 14)
      (1, 9)
      (11, 11)
      (16, 7)
      (7, 10)
      (7, 19)
      (12, 3)
      (5, 6)
      (5, 3)
      (12, 21)
      (12, 18)
      (5, 12)
      (9, 10)
      (11, 7)
      (5, 21)
      (13, 4)
      (1, 2)
      (2, 1)
      (11, 16)
      (11, 13)
      (1, 8)
      (16, 6)
      (13, 19)
      (7, 12)
      (7, 21)
      (7, 18)
      (4, 1)
      (5, 5)
      (9, 3)
      (5, 14)
      (11, 9)
      (8, 10)
      (1, 4)
      (11, 6)
      (5, 20)
      (13, 3)
      (16, 2)
      (11, 15)
      (1, 10)
      (13, 21)
      (7, 14)
      (6, 21)
      (7, 20)
      (3, 1)
      (5, 7)
      (9, 5)
      (5, 16)
      (1, 6)
      (11, 8)
      (13, 5)
      (1, 3)
      (16, 4)
      (16, 1)
      (11, 17)
      (7, 7)
      (13, 20)
      (7, 16)
      (7, 13)
      (14, 6)
      (5, 9)
      (5, 18)
      (9, 4)
      (5, 15)
      (9, 13)
      (11, 10)
      (1, 5)
      (16, 3)
      (7, 9)
      (7, 6)
      (7, 15)
      (5, 2)
      (5, 11)
      (9, 9)
      (5, 8)
      (9, 6)
      (11, 3)
      (5, 17)
      (1, 1)
      (8, 13)
      (11, 12)
      (1, 7)
      (15, 6)
      (16, 5)
      (13, 6)
      (13, 18)
      (11, 18)
      (7, 11)
      (7, 8)
  > Frontier:
      (13, 7)
      (8, 3)
      (4, 21)
      (1, 11)
  > Extracted node:
      (1, 11)
  > Node expands to:
      (1, 12)
      (1, 10)
[100]
  > Explored nodes:
      (7, 17)
      (5, 4)
      (5, 1)
      (5, 13)
      (5, 10)
      (10, 6)
      (9, 8)
      (8, 6)
      (5, 19)
      (10, 3)
      (11, 14)
      (1, 9)
      (11, 11)
      (16, 7)
      (7, 10)
      (7, 19)
      (12, 3)
      (5, 6)
      (5, 3)
      (12, 21)
      (12, 18)
      (5, 12)
      (9, 10)
      (11, 7)
      (5, 21)
      (13, 4)
      (1, 2)
      (2, 1)
      (11, 16)
      (1, 11)
      (11, 13)
      (1, 8)
      (16, 6)
      (13, 19)
      (7, 12)
      (7, 21)
      (7, 18)
      (4, 1)
      (5, 5)
      (9, 3)
      (5, 14)
      (11, 9)
      (8, 10)
      (1, 4)
      (11, 6)
      (5, 20)
      (13, 3)
      (16, 2)
      (11, 15)
      (1, 10)
      (13, 21)
      (7, 14)
      (6, 21)
      (7, 20)
      (3, 1)
      (5, 7)
      (9, 5)
      (5, 16)
      (1, 6)
      (11, 8)
      (13, 5)
      (1, 3)
      (16, 4)
      (16, 1)
      (11, 17)
      (7, 7)
      (13, 20)
      (7, 16)
      (7, 13)
      (14, 6)
      (5, 9)
      (5, 18)
      (9, 4)
      (5, 15)
      (9, 13)
      (11, 10)
      (1, 5)
      (16, 3)
      (7, 9)
      (7, 6)
      (7, 15)
      (5, 2)
      (5, 11)
      (9, 9)
      (5, 8)
      (9, 6)
      (11, 3)
      (5, 17)
      (1, 1)
      (8, 13)
      (11, 12)
      (1, 7)
      (15, 6)
      (16, 5)
      (13, 6)
      (13, 18)
      (11, 18)
      (7, 11)
      (7, 8)
  > Frontier:
      (13, 7)
      (8, 3)
      (4, 21)
      (1, 12)
  > Extracted node:
      (1, 12)
  > Node expands to:
      (1, 13)
      (1, 11)
[101]
  > Explored nodes:
      (7, 17)
      (5, 4)
      (5, 1)
      (5, 13)
      (5, 10)
      (10, 6)
      (9, 8)
      (8, 6)
      (5, 19)
      (10, 3)
      (11, 14)
      (1, 9)
      (11, 11)
      (16, 7)
      (7, 10)
      (7, 19)
      (12, 3)
      (5, 6)
      (5, 3)
      (12, 21)
      (12, 18)
      (5, 12)
      (9, 10)
      (11, 7)
      (5, 21)
      (13, 4)
      (1, 2)
      (2, 1)
      (11, 16)
      (1, 11)
      (11, 13)
      (1, 8)
      (16, 6)
      (13, 19)
      (7, 12)
      (7, 21)
      (7, 18)
      (4, 1)
      (5, 5)
      (9, 3)
      (5, 14)
      (11, 9)
      (8, 10)
      (1, 4)
      (11, 6)
      (5, 20)
      (13, 3)
      (16, 2)
      (11, 15)
      (1, 10)
      (13, 21)
      (7, 14)
      (6, 21)
      (7, 20)
      (3, 1)
      (5, 7)
      (9, 5)
      (5, 16)
      (1, 6)
      (11, 8)
      (13, 5)
      (1, 3)
      (16, 4)
      (16, 1)
      (11, 17)
      (1, 12)
      (7, 7)
      (13, 20)
      (7, 16)
      (7, 13)
      (14, 6)
      (5, 9)
      (5, 18)
      (9, 4)
      (5, 15)
      (9, 13)
      (11, 10)
      (1, 5)
      (16, 3)
      (7, 9)
      (7, 6)
      (7, 15)
      (5, 2)
      (5, 11)
      (9, 9)
      (5, 8)
      (9, 6)
      (11, 3)
      (5, 17)
      (1, 1)
      (8, 13)
      (11, 12)
      (1, 7)
      (15, 6)
      (16, 5)
      (13, 6)
      (13, 18)
      (11, 18)
      (7, 11)
      (7, 8)
  > Frontier:
      (13, 7)
      (8, 3)
      (4, 21)
      (1, 13)
  > Extracted node:
      (1, 13)
  > Node expands to:
      (1, 14)
      (1, 12)
[102]
  > Explored nodes:
      (7, 17)
      (5, 4)
      (5, 1)
      (5, 13)
      (5, 10)
      (10, 6)
      (9, 8)
      (8, 6)
      (5, 19)
      (10, 3)
      (11, 14)
      (1, 9)
      (11, 11)
      (16, 7)
      (7, 10)
      (7, 19)
      (12, 3)
      (5, 6)
      (5, 3)
      (12, 21)
      (12, 18)
      (5, 12)
      (9, 10)
      (11, 7)
      (5, 21)
      (13, 4)
      (1, 2)
      (2, 1)
      (11, 16)
      (1, 11)
      (11, 13)
      (1, 8)
      (16, 6)
      (13, 19)
      (7, 12)
      (7, 21)
      (7, 18)
      (4, 1)
      (5, 5)
      (9, 3)
      (5, 14)
      (11, 9)
      (8, 10)
      (1, 4)
      (11, 6)
      (5, 20)
      (13, 3)
      (16, 2)
      (1, 13)
      (11, 15)
      (1, 10)
      (13, 21)
      (7, 14)
      (6, 21)
      (7, 20)
      (3, 1)
      (5, 7)
      (9, 5)
      (5, 16)
      (1, 6)
      (11, 8)
      (13, 5)
      (1, 3)
      (16, 4)
      (16, 1)
      (11, 17)
      (1, 12)
      (7, 7)
      (13, 20)
      (7, 16)
      (7, 13)
      (14, 6)
      (5, 9)
      (5, 18)
      (9, 4)
      (5, 15)
      (9, 13)
      (11, 10)
      (1, 5)
      (16, 3)
      (7, 9)
      (7, 6)
      (7, 15)
      (5, 2)
      (5, 11)
      (9, 9)
      (5, 8)
      (9, 6)
      (11, 3)
      (5, 17)
      (1, 1)
      (8, 13)
      (11, 12)
      (1, 7)
      (15, 6)
      (16, 5)
      (13, 6)
      (13, 18)
      (11, 18)
      (7, 11)
      (7, 8)
  > Frontier:
      (13, 7)
      (8, 3)
      (4, 21)
      (1, 14)
  > Extracted node:
      (1, 14)
  > Node expands to:
      (1, 15)
      (1, 13)
[103]
  > Explored nodes:
      (7, 17)
      (5, 4)
      (5, 1)
      (5, 13)
      (5, 10)
      (10, 6)
      (9, 8)
      (8, 6)
      (5, 19)
      (10, 3)
      (11, 14)
      (1, 9)
      (11, 11)
      (16, 7)
      (7, 10)
      (7, 19)
      (12, 3)
      (5, 6)
      (5, 3)
      (12, 21)
      (12, 18)
      (5, 12)
      (9, 10)
      (11, 7)
      (5, 21)
      (13, 4)
      (1, 2)
      (2, 1)
      (11, 16)
      (1, 11)
      (11, 13)
      (1, 8)
      (16, 6)
      (13, 19)
      (7, 12)
      (7, 21)
      (7, 18)
      (4, 1)
      (5, 5)
      (9, 3)
      (5, 14)
      (11, 9)
      (8, 10)
      (1, 4)
      (11, 6)
      (5, 20)
      (13, 3)
      (16, 2)
      (1, 13)
      (11, 15)
      (1, 10)
      (13, 21)
      (7, 14)
      (6, 21)
      (7, 20)
      (3, 1)
      (5, 7)
      (9, 5)
      (5, 16)
      (1, 6)
      (11, 8)
      (13, 5)
      (1, 3)
      (16, 4)
      (16, 1)
      (11, 17)
      (1, 12)
      (7, 7)
      (13, 20)
      (7, 16)
      (7, 13)
      (14, 6)
      (5, 9)
      (5, 18)
      (9, 4)
      (5, 15)
      (9, 13)
      (11, 10)
      (1, 5)
      (16, 3)
      (1, 14)
      (7, 9)
      (7, 6)
      (7, 15)
      (5, 2)
      (5, 11)
      (9, 9)
      (5, 8)
      (9, 6)
      (11, 3)
      (5, 17)
      (1, 1)
      (8, 13)
      (11, 12)
      (1, 7)
      (15, 6)
      (16, 5)
      (13, 6)
      (13, 18)
      (11, 18)
      (7, 11)
      (7, 8)
  > Frontier:
      (13, 7)
      (8, 3)
      (4, 21)
      (1, 15)
  > Extracted node:
      (1, 15)
  > Node expands to:
      (1, 16)
      (1, 14)
[104]
  > Explored nodes:
      (7, 17)
      (5, 4)
      (5, 1)
      (5, 13)
      (5, 10)
      (10, 6)
      (9, 8)
      (8, 6)
      (5, 19)
      (10, 3)
      (11, 14)
      (1, 9)
      (11, 11)
      (16, 7)
      (1, 15)
      (7, 10)
      (7, 19)
      (12, 3)
      (5, 6)
      (5, 3)
      (12, 21)
      (12, 18)
      (5, 12)
      (9, 10)
      (11, 7)
      (5, 21)
      (13, 4)
      (1, 2)
      (2, 1)
      (11, 16)
      (1, 11)
      (11, 13)
      (1, 8)
      (16, 6)
      (13, 19)
      (7, 12)
      (7, 21)
      (7, 18)
      (4, 1)
      (5, 5)
      (9, 3)
      (5, 14)
      (11, 9)
      (8, 10)
      (1, 4)
      (11, 6)
      (5, 20)
      (13, 3)
      (16, 2)
      (1, 13)
      (11, 15)
      (1, 10)
      (13, 21)
      (7, 14)
      (6, 21)
      (7, 20)
      (3, 1)
      (5, 7)
      (9, 5)
      (5, 16)
      (1, 6)
      (11, 8)
      (13, 5)
      (1, 3)
      (16, 4)
      (16, 1)
      (11, 17)
      (1, 12)
      (7, 7)
      (13, 20)
      (7, 16)
      (7, 13)
      (14, 6)
      (5, 9)
      (5, 18)
      (9, 4)
      (5, 15)
      (9, 13)
      (11, 10)
      (1, 5)
      (16, 3)
      (1, 14)
      (7, 9)
      (7, 6)
      (7, 15)
      (5, 2)
      (5, 11)
      (9, 9)
      (5, 8)
      (9, 6)
      (11, 3)
      (5, 17)
      (1, 1)
      (8, 13)
      (11, 12)
      (1, 7)
      (15, 6)
      (16, 5)
      (13, 6)
      (13, 18)
      (11, 18)
      (7, 11)
      (7, 8)
  > Frontier:
      (13, 7)
      (8, 3)
      (4, 21)
      (1, 16)
  > Extracted node:
      (1, 16)
  > Node expands to:
      (1, 17)
      (1, 15)
[105]
  > Explored nodes:
      (7, 17)
      (5, 4)
      (1, 16)
      (5, 1)
      (5, 13)
      (5, 10)
      (10, 6)
      (9, 8)
      (8, 6)
      (5, 19)
      (10, 3)
      (11, 14)
      (1, 9)
      (11, 11)
      (16, 7)
      (1, 15)
      (7, 10)
      (7, 19)
      (12, 3)
      (5, 6)
      (5, 3)
      (12, 21)
      (12, 18)
      (5, 12)
      (9, 10)
      (11, 7)
      (5, 21)
      (13, 4)
      (1, 2)
      (2, 1)
      (11, 16)
      (1, 11)
      (11, 13)
      (1, 8)
      (16, 6)
      (13, 19)
      (7, 12)
      (7, 21)
      (7, 18)
      (4, 1)
      (5, 5)
      (9, 3)
      (5, 14)
      (11, 9)
      (8, 10)
      (1, 4)
      (11, 6)
      (5, 20)
      (13, 3)
      (16, 2)
      (1, 13)
      (11, 15)
      (1, 10)
      (13, 21)
      (7, 14)
      (6, 21)
      (7, 20)
      (3, 1)
      (5, 7)
      (9, 5)
      (5, 16)
      (1, 6)
      (11, 8)
      (13, 5)
      (1, 3)
      (16, 4)
      (16, 1)
      (11, 17)
      (1, 12)
      (7, 7)
      (13, 20)
      (7, 16)
      (7, 13)
      (14, 6)
      (5, 9)
      (5, 18)
      (9, 4)
      (5, 15)
      (9, 13)
      (11, 10)
      (1, 5)
      (16, 3)
      (1, 14)
      (7, 9)
      (7, 6)
      (7, 15)
      (5, 2)
      (5, 11)
      (9, 9)
      (5, 8)
      (9, 6)
      (11, 3)
      (5, 17)
      (1, 1)
      (8, 13)
      (11, 12)
      (1, 7)
      (15, 6)
      (16, 5)
      (13, 6)
      (13, 18)
      (11, 18)
      (7, 11)
      (7, 8)
  > Frontier:
      (13, 7)
      (8, 3)
      (4, 21)
      (1, 17)
  > Extracted node:
      (1, 17)
  > Node expands to:
      (1, 18)
      (1, 16)
[106]
  > Explored nodes:
      (7, 17)
      (5, 4)
      (1, 16)
      (5, 1)
      (5, 13)
      (5, 10)
      (10, 6)
      (9, 8)
      (8, 6)
      (5, 19)
      (10, 3)
      (11, 14)
      (1, 9)
      (11, 11)
      (16, 7)
      (1, 15)
      (7, 10)
      (7, 19)
      (12, 3)
      (5, 6)
      (5, 3)
      (12, 21)
      (12, 18)
      (5, 12)
      (9, 10)
      (11, 7)
      (5, 21)
      (13, 4)
      (1, 2)
      (2, 1)
      (11, 16)
      (1, 11)
      (11, 13)
      (1, 8)
      (16, 6)
      (13, 19)
      (1, 17)
      (7, 12)
      (7, 21)
      (7, 18)
      (4, 1)
      (5, 5)
      (9, 3)
      (5, 14)
      (11, 9)
      (8, 10)
      (1, 4)
      (11, 6)
      (5, 20)
      (13, 3)
      (16, 2)
      (1, 13)
      (11, 15)
      (1, 10)
      (13, 21)
      (7, 14)
      (6, 21)
      (7, 20)
      (3, 1)
      (5, 7)
      (9, 5)
      (5, 16)
      (1, 6)
      (11, 8)
      (13, 5)
      (1, 3)
      (16, 4)
      (16, 1)
      (11, 17)
      (1, 12)
      (7, 7)
      (13, 20)
      (7, 16)
      (7, 13)
      (14, 6)
      (5, 9)
      (5, 18)
      (9, 4)
      (5, 15)
      (9, 13)
      (11, 10)
      (1, 5)
      (16, 3)
      (1, 14)
      (7, 9)
      (7, 6)
      (7, 15)
      (5, 2)
      (5, 11)
      (9, 9)
      (5, 8)
      (9, 6)
      (11, 3)
      (5, 17)
      (1, 1)
      (8, 13)
      (11, 12)
      (1, 7)
      (15, 6)
      (16, 5)
      (13, 6)
      (13, 18)
      (11, 18)
      (7, 11)
      (7, 8)
  > Frontier:
      (13, 7)
      (8, 3)
      (4, 21)
      (1, 18)
  > Extracted node:
      (1, 18)
  > Node expands to:
